[0000121E] 52617465 3A 20 35 30 30 20 6B 62 
[00001230] 2F730D0A 4D 61 73 6B 30 3A 20 30 
[00001238] 78300D0A 4D 61 73 6B 31 3A 20 30 
[00001243] 78300D0A 46 69 6C 74 30 3A 20 30 
[0000124E] 78300D0A 46 69 6C 74 31 3A 20 30 
[00001258] 78300D0A 46 69 6C 74 32 3A 20 30 
[00001263] 78300D0A 46 69 6C 74 33 3A 20 30 
[0000126E] 78300D0A 46 69 6C 74 34 3A 20 30 
[00001279] 78300D0A 46 69 6C 74 35 3A 20 30 
[00001283] 78300D0A 49 4E 49 54 20 4F 4B 0D 
[0000128E] 0A000006 1F FF 3F 00 00 00 00 00 
[00001295] 00000006 1F FF 3F 00 00 00 00 00 
[000012AA] 00000006 1F FF 3F 00 00 00 00 00 
[000012C2] 00 
[00001563] 0000061F FF 3F 00 00 00 00 00 00 
[00001963] 0000061F FF 3F 00 00 00 00 00 00 
[00001D63] 0000061F FF 3F 00 00 00 00 00 00 
[00002163] 0000061F FF 3F 00 00 00 00 00 00 
[00002563] 0000061F FF 3F 00 00 00 00 00 00 
[00002963] 0000061F FF 3F 00 00 00 00 00 00 
[00002D63] 0000061F FF 3F 00 00 00 00 00 00 
[00003163] 0000061F FF 3F 00 00 00 00 00 00 
[00003563] 0000061F FF 3F 00 00 00 00 00 00 
[00003963] 0000061F FF 3F 00 00 00 00 00 00 
[00003D65] 0000061F FF 3F 00 00 00 00 00 00 
[00004163] 0000061F FF 3F 00 00 00 00 00 00 
[00004563] 0000061F FF 3F 00 00 00 00 00 00 
[00004963] 0000061F FF 3F 00 00 00 00 00 00 
[00004BCA] 0000061F 7F 00 00 00 00 00 00 00 
[00004BD4] 0000061F 00 3F 00 00 00 00 00 00 
[00004C49] 0000061A FF FF 9F F6 BF 45 02 02 
[00004C54] 0000061F 00 3F 09 00 00 00 00 00 
[00004C68] 0000061F 00 3F 0B 00 00 00 00 00 
[00004C7E] 0000061A FF FF 9F F6 BF 45 02 02 
[00004C89] 0000061A FF FF 9F F6 BF 45 02 02 
[00004C9D] 00000613 1E 57 1D 85 01 8D 93 00 
[00004CA7] 00000618 00 00 7E 00 00 00 00 00 
[00004CB2] 00000615 C0 00 00 0E 02 00 00 00 
[00004CBC] 00000153 C4 51 00 00 00 FF 00 90 
[00004CC8] 000001F3 00 80 00 0B 02 80 00 00 
[00004CD2] 000001F8 00 00 00 00 FE FF 00 00 
[00004CDD] 000001F0 0A 40 0A 00 0A 00 0A 00 
[00004CE7] 0000061F 00 3F 0B 56 42 00 00 00 
[00004CF1] 00000153 C4 51 00 00 00 FF 00 90 
[00004CFD] 000001F3 00 80 00 0A 02 80 00 00 
[00004D07] 000001F8 00 00 00 00 FE FF 00 00 
[00004D12] 000001F0 0A 60 0A 00 0A 00 0A 00 
[00004D26] 00000153 C4 51 00 00 00 FF 00 90 
[00004D31] 000001F3 00 80 00 0A 02 80 00 00 
[00004D3B] 000001F8 00 00 00 00 FE FF 00 00 
[00004D46] 000001F0 0A 00 0A 00 0A 00 0A 00 
[00004D50] 00000153 C4 51 00 00 00 FF 00 90 
[00004D5B] 000001F3 00 80 00 0A 02 80 00 00 
[00004D65] 000001F8 00 00 00 00 FE FF 00 00 
[00004D70] 000001F0 0A 20 0A 00 0A 00 0A 00 
[00004D7A] 00000153 C4 51 00 00 00 FF 00 90 
[00004D85] 000001F3 00 80 00 09 02 80 00 00 
[00004D90] 000001F8 00 00 00 00 FE FF 00 00 
[00004DA3] 000001F0 0A 40 0A 00 0A 00 0A 00 
[00004DAD] 00000153 C4 51 00 00 00 FF 00 90 
[00004DB9] 000001F3 00 80 00 09 02 80 00 00 
[00004DC3] 000001F8 00 00 00 00 FE FF 00 00 
[00004DCD] 000001F0 0A 60 0A 00 0A 00 0A 00 
[00004DD7] 00080280 00 00 00 00 01 F8 00 00 
[00004DE2] 0000FEFF 00 00 00 00 01 F0 0A 20 
[00004DEC] 0A000A00 0A 00 11 56 55 00 00 05 
[00004DF6] 45120000 00 42 00 00 35 00 00 05 
[00004E00] 65502066 02 00 02 00 64 00 00 01 
[00004E0A] F00A000A 00 0A 00 0A 00 00 00 01 
[00004E1E] F8000000 00 FE FF 00 00 00 00 03 
[00004E28] 29807800 00 00 00 00 00 00 00 01 
[00004E32] F5510000 00 80 41 00 00 00 00 01 
[00004E3D] 53C45100 00 00 FF 00 90 00 00 01 
[00004E48] F8000000 00 FE FF 00 00 00 00 03 
[00004E53] 16010000 00 00 00 00 00 00 00 05 
[00004E5D] 45120000 00 42 00 00 35 00 00 01 
[00004E67] F00A200A 00 0A 00 0A 00 00 00 05 
[00004E72] 65502066 02 00 02 00 64 00 00 01 
[00004E7C] 53C45100 00 00 FF 00 90 00 00 01 
[00004E86] F3008000 02 02 80 00 00 00 00 01 
[00004E91] F5510000 00 80 51 00 00 00 00 01 
[00004EA4] F00A400A 00 0A 00 0A 00 00 00 03 
[00004EAE] 16010000 00 00 00 00 00 00 00 03 
[00004EB9] 360000FE 02 53 11 56 55 00 00 05 
[00004EC3] 45120000 00 42 00 00 35 00 00 05 
[00004ECD] 65502066 02 00 02 00 63 00 00 03 
[00004ED8] 29807800 00 00 00 00 00 00 00 01 
[00004EE2] 53C45100 00 00 FF 00 90 00 00 01 
[00004EEC] F3008000 02 02 80 00 00 00 00 06 
[00004EF7] 1AC71590 F7 BF 45 02 02 00 00 01 
[00004F01] F00A600A 00 0A 00 0A 00 00 00 01 
[00004F0B] F5510000 00 80 61 00 00 00 00 03 
[00004F1F] 16010000 00 00 00 00 00 00 00 01 
[00004F29] F00A000A 00 0A 00 0A 00 00 00 03 
[00004F33] 360000FE 02 53 11 56 55 00 00 05 
[00004F3E] 45120000 00 42 00 00 03 29 80 78 
[00004F48] 00000000 00 00 00 00 05 45 12 00 
[00004F52] 00004200 00 35 00 00 05 65 50 20 
[00004F5D] 66020002 00 63 00 00 03 16 01 00 
[00004F67] 00000000 00 00 00 00 01 53 C4 51 
[00004F72] 000000FF 00 90 00 00 01 F3 00 80 
[00004F7C] 00000280 00 00 00 00 01 F8 00 00 
[00004F87] 0000FEFF 00 00 00 00 01 F0 0A 00 
[00004F91] 0A000A00 0A 00 00 00 01 F5 51 00 
[00004FA4] 000080F1 9D 05 00 00 03 16 01 00 
[00004FAF] 00000000 00 00 00 00 03 36 00 00 
[00004FB9] FE025311 56 55 00 00 01 53 C4 51 
[00004FC4] 000000FF 00 90 00 00 01 F3 00 80 
[00004FCE] 00000280 00 00 00 00 05 65 50 20 
[00004FD9] 66020002 00 64 00 00 03 29 80 78 
[00004FE3] 00000000 00 00 00 00 01 F5 51 00 
[00004FED] 00008001 00 00 00 00 01 F0 0A 40 
[00004FF7] 0A000A00 0A 00 00 00 01 F8 00 00 
[00005002] 0000FEFF 00 00 00 00 01 53 C4 51 
[0000500C] 000000FF 00 90 00 00 03 16 01 00 
[0000501F] 00000000 00 00 00 FF 01 80 00 00 
[0000502A] 000001F8 00 00 00 00 FE FF 00 00 
[00005034] 00000316 01 00 00 00 00 00 00 00 
[0000503F] 00000336 00 00 FE 02 53 11 56 55 
[00005049] 000001F5 51 00 00 00 80 71 0A 88 
[00005053] 00000565 50 20 66 02 00 02 00 64 
[0000505E] 000001F0 0A 00 0A 00 0A 00 0A 00 
[00005068] 00000153 C4 51 00 00 00 FF 00 90 
[00005074] 000001F3 00 80 00 FF 01 80 00 00 
[0000507E] 000001F8 00 00 00 00 FE FF 00 00 
[00005089] 000001F0 0A 20 0A 00 0A 00 0A 00 
[0000509D] 00000316 01 00 00 00 00 00 00 00 
[000050A8] 00000336 00 00 FE 02 53 11 56 55 
[000050B3] 000001F5 51 00 00 00 80 81 00 00 
[000050BD] 00000565 50 20 66 02 00 02 00 64 
[000050C8] 000001F0 0A 40 0A 00 0A 00 0A 00 
[000050D2] 000001F8 00 00 00 00 FE FF 00 00 
[000050DC] 00000329 80 78 00 00 00 00 00 00 
[000050E7] 00000153 C4 51 00 00 00 FF 00 90 
[000050F3] 000001F3 00 80 00 FF 01 80 00 00 
[000050FD] 000001F5 51 00 65 50 20 66 02 00 
[00005107] 02006300 00 01 F0 0A 40 0A 00 0A 
[00005111] 000A0000 00 01 53 C4 51 00 00 00 
[00005125] FF009000 00 01 F3 00 80 00 FF 01 
[0000512F] 80000800 00 01 F8 00 00 00 00 FE 
[00005139] FF000000 00 01 F5 51 00 00 00 80 
[00005143] E1000000 00 01 F0 0A 60 0A 00 0A 
[0000514E] 000A0000 00 03 16 01 00 00 00 00 
[00005158] 00000000 00 05 45 12 00 00 00 42 
[00005162] 00003500 00 05 65 50 20 66 02 00 
[0000516C] 02006300 00 01 F8 00 00 00 00 FE 
[00005176] FF000000 00 03 29 62 78 00 00 00 
[00005181] 00000000 00 01 F5 51 00 00 00 80 
[0000518B] F19D0500 00 01 53 C4 51 00 00 00 
[0000519E] FF009000 00 01 F3 00 80 00 FF 01 
[000051A9] 80000800 00 03 29 80 78 00 00 00 
[000051B3] 00000000 00 05 45 12 00 00 00 42 
[000051BE] 00003500 00 01 F0 0A 20 0A 00 0A 
[000051C9] 000A0000 00 05 65 50 20 66 02 00 
[000051D3] 02006400 00 01 F5 51 00 00 00 80 
[000051DD] 01000000 00 01 00 00 00 00 00 05 
[000051E7] 65502066 02 00 02 00 64 00 00 01 
[000051F1] F00A600A 00 0A 00 0A 00 00 00 01 
[000051FC] 53C45100 00 00 FF 00 90 00 00 01 
[00005206] F3008000 FF 01 80 00 08 00 00 01 
[00005219] F8000000 00 FE FF 00 00 00 00 06 
[00005223] 131E571D 85 01 8D 93 00 00 00 06 
[0000522E] 1800008B 00 00 00 00 00 00 00 01 
[00005238] F5510000 00 80 71 0A 88 00 00 03 
[00005242] 16010000 00 00 00 00 00 00 00 05 
[0000524D] 45120000 00 42 00 00 35 00 00 05 
[00005257] 65502066 02 00 02 00 64 00 00 01 
[00005261] F00A000A 00 0A 00 0A 00 00 00 01 
[0000526C] 53C45100 00 00 FF 00 90 00 00 01 
[00005276] F8000000 00 FE FF 00 00 00 00 01 
[00005280] F00A200A 00 0A 00 0A 00 00 00 01 
[0000528C] F5510000 00 80 81 00 00 00 00 03 
[0000529F] 16010000 00 00 00 00 00 00 00 03 
[000052AA] 360000FE 02 53 11 56 55 00 00 01 
[000052B4] F3008000 FF 01 80 00 08 00 00 05 
[000052BE] 45120000 00 42 16 01 00 00 00 00 
[000052C9] 00000000 00 03 36 00 00 FE 02 53 
[000052D3] 11565500 00 01 F0 0A 00 0A 00 0A 
[000052DD] 000A0000 00 01 F8 00 00 00 00 FE 
[000052E8] FF000000 00 05 65 50 20 66 02 00 
[000052F3] 02006400 00 01 F5 51 00 00 00 80 
[000052FD] F19D0500 00 03 29 62 78 00 00 00 
[00005308] 00000000 00 01 53 C4 51 00 00 00 
[0000531B] FF009000 00 01 F3 00 80 00 FF 01 
[00005325] 80000800 00 01 F8 00 00 00 00 FE 
[00005330] FF000000 00 01 F0 0A 20 0A 00 0A 
[0000533A] 000A0000 00 03 16 01 00 00 00 00 
[00005344] 00000000 00 05 45 12 00 00 00 42 
[0000534F] 00003500 00 05 65 50 20 66 02 00 
[00005359] 02006400 00 03 29 62 78 00 00 00 
[00005363] 00000000 00 01 F5 51 00 00 00 80 
[0000536E] 01000000 00 01 53 C4 51 00 00 00 
[00005379] FF009000 00 01 F8 00 00 00 00 FE 
[00005383] FF000000 00 01 F0 0A 40 0A 00 0A 
[0000538E] 000A0000 00 03 16 01 00 00 00 00 
[000053A1] 00000000 00 03 FF 00 00 00 00 01 
[000053AB] F00A000A 00 0A 00 0A 00 00 00 01 
[000053B6] F5510000 00 80 71 0A 88 00 00 03 
[000053C0] 16010000 00 00 00 00 00 00 00 03 
[000053CA] 360000FE 02 53 11 56 55 00 00 05 
[000053D5] 45120000 00 42 00 00 35 00 00 05 
[000053DF] 65502066 02 00 02 00 63 00 00 01 
[000053E9] F3008000 FF 01 80 00 08 00 00 01 
[000053F4] F8000000 00 FE FF 00 00 00 00 03 
[000053FE] 29627800 00 00 00 00 00 00 00 01 
[00005408] F5510000 00 80 81 00 00 00 00 01 
[0000541C] 53C45100 00 00 FF 00 90 00 00 01 
[00005427] F3008000 FF 01 80 00 08 00 00 01 
[00005431] F8000000 00 FE FF 00 00 00 00 03 
[0000543B] 360000FE 02 53 11 56 55 00 00 05 
[00005446] 45120000 00 42 00 00 35 00 00 05 
[00005450] 65502066 02 00 02 00 63 00 00 01 
[0000545A] F00A400A 00 0A 00 0A 00 00 00 01 
[00005465] 53C45100 00 00 FF 00 90 00 00 01 
[0000546F] F3008000 FF 01 80 00 08 00 00 01 
[0000547A] F8000000 00 FE 00 00 42 00 00 35 
[00005484] 00000565 50 20 66 02 00 02 00 63 
[00005497] 000001F3 00 01 00 FF C1 7F 00 08 
[000054A1] 000001F5 51 00 00 00 80 E1 00 00 
[000054AC] 00000329 11 78 00 00 00 00 00 00 
[000054B6] 00000153 00 50 00 00 00 FF 00 80 
[000054C2] 000001F3 00 01 00 FF C1 7F 00 08 
[000054CC] 00000329 11 78 00 00 00 00 00 00 
[000054D7] 00000545 12 00 00 00 42 00 00 35 
[000054E1] 00000565 50 20 66 02 00 02 00 63 
[000054EC] 000001F5 51 00 00 00 80 F1 9D 05 
[000054F6] 000001F0 0A 00 0A 00 0A 00 0A 00 
[00005500] 00000153 00 50 00 00 00 FF 00 80 
[0000550C] 000001F3 00 01 00 FF C1 7F 00 08 
[0000551F] 000001F8 00 00 00 00 FE FF 00 00 
[00005529] 000001F0 0A 20 0A 00 0A 00 0A 00 
[00005534] 00000316 01 00 00 00 00 00 00 00 
[0000553F] 00000336 00 00 FE 02 53 11 56 55 
[00005549] 00000545 12 00 00 00 42 00 00 35 
[00005553] 00000565 50 20 66 02 00 02 00 64 
[0000555D] 000001F5 51 00 02 00 64 00 00 03 
[00005568] 29807800 00 00 00 00 00 00 00 01 
[00005572] F5510000 00 80 91 00 00 00 00 01 
[0000557C] 53005000 00 00 FF 00 80 00 00 01 
[00005586] F3000100 FF C1 7F 00 08 00 00 01 
[00005599] F8000000 00 FE FF 00 00 00 00 01 
[000055A4] F00A400A 00 0A 00 0A 00 00 00 03 
[000055AE] 16010000 00 00 00 00 00 00 00 05 
[000055B8] 45120000 00 42 00 00 35 00 00 05 
[000055C2] 65502066 02 00 02 00 63 00 00 03 
[000055CC] 29807800 00 00 FF 00 80 00 00 01 
[000055D7] F3000100 FF C1 7F 00 08 00 00 01 
[000055E1] F8000000 00 FE FF 00 00 00 00 01 
[000055EB] F00A000A 00 0A 00 0A 00 00 00 01 
[000055F5] F5500000 00 80 31 00 00 00 00 03 
[000055FF] 16010000 00 00 00 00 00 00 00 03 
[00005612] 360000FE 02 53 11 56 55 00 00 05 
[0000561D] 45120000 00 42 00 00 35 00 00 05 
[00005627] 65502066 02 00 02 00 63 00 00 03 
[00005632] 29807800 00 00 00 00 00 00 00 01 
[0000563C] 53005000 00 00 FF 00 80 00 00 01 
[00005646] F8000000 00 FE FF 00 00 00 00 01 
[00005650] F00A200A 00 0A 00 0A 00 00 00 01 
[0000565B] F5500000 00 80 41 00 00 00 00 03 
[00005666] 16010000 00 00 00 00 00 00 00 01 
[00005671] F00A400A 00 0A 00 0A 00 00 00 03 
[0000567B] 360000FE 02 53 11 56 55 00 00 05 
[00005685] 45120000 00 42 00 00 35 00 00 05 
[00005699] 65502066 02 00 02 00 63 00 00 06 
[000056A3] 1800008B 00 00 00 00 00 00 00 01 
[000056AD] 53005000 00 00 FF 00 00 00 00 01 
[000056B8] F5500000 00 80 F1 9D 05 00 00 03 
[000056C2] 29117800 00 00 00 00 00 00 00 05 
[000056CC] 45120000 00 42 00 00 35 00 00 05 
[000056D7] 65502066 02 00 02 00 63 00 00 01 
[000056E1] F00A000A 00 0A 00 0A 00 00 00 01 
[000056EC] 53005000 00 00 FF 00 80 00 00 01 
[000056F6] F3000100 FF C1 7F 00 08 00 00 01 
[00005700] F8000000 00 FE FF 00 00 00 00 01 
[00005714] F00A200A 00 0A 00 0A 00 00 00 01 
[0000571E] F5500000 00 80 F5 40 00 00 00 80 
[00005728] C1000000 00 05 65 50 20 66 02 00 
[00005733] 02006400 00 03 29 80 78 00 00 00 
[00005742] 00000000 00 01 53 00 50 00 00 00 
[000057D0] FF008000 00 01 F8 00 00 00 00 FE 
[000057DA] FF000000 00 01 F0 0A 40 0A 00 0A 
[000057E4] 000A0000 00 01 F5 40 00 00 00 80 
[000057EF] D1000000 00 03 16 01 00 00 00 00 
[000057F9] 00000000 00 05 45 12 00 00 00 42 
[00005803] 00003500 00 01 F0 0A 60 0A 00 0A 
[0000580E] 000A0000 00 01 00 00 01 F0 0A 60 
[00005821] 0A000A00 0A 00 00 00 03 16 01 00 
[0000582C] 00000000 00 00 00 00 03 36 00 00 
[00005836] FE025311 56 55 00 00 05 45 12 00 
[00005840] 00004200 00 35 00 00 05 65 50 20 
[0000584B] 66020002 00 64 00 00 03 29 62 78 
[00005855] 00000000 00 00 00 00 01 53 00 50 
[0000585F] 000000FF 00 80 00 00 01 F3 00 01 
[0000586A] 00FFC17F 00 08 00 00 01 F5 40 00 
[00005874] 00008031 00 00 00 00 01 F0 0A 00 
[0000587E] 0A000A00 0A 00 00 00 03 16 01 00 
[00005889] 00000000 00 00 00 00 03 36 00 00 
[0000589C] FE025311 56 55 00 00 05 45 12 00 
[000058A6] 00004200 00 35 00 00 01 F3 00 01 
[000058B2] 00FFC17F 00 08 00 00 05 65 50 20 
[000058BC] 66020002 00 64 00 00 03 29 80 78 
[000058C7] 00000000 00 00 00 00 01 F5 40 00 
[000058D1] 00008041 00 00 00 00 01 53 00 50 
[000058DC] 000000FF 00 80 00 00 01 F3 00 01 
[000058E6] 00FFC17F 00 08 00 00 01 F8 00 00 
[000058F0] 0000FEFF 00 00 00 00 03 16 01 00 
[000058FC] 00000565 50 20 66 02 00 02 00 63 
[00005906] 00000329 C0 78 00 00 00 00 00 00 
[00005919] 000001F5 40 00 00 00 80 A1 00 00 
[00005924] 00000153 00 50 00 00 00 FF 00 80 
[00005930] 000001F3 00 01 00 FF C1 7F 00 08 
[0000593A] 000001F8 00 00 00 00 FE FF 00 00 
[00005944] 00000316 01 00 00 00 00 00 00 00 
[0000594F] 00000545 12 00 00 00 42 00 00 35 
[00005959] 000001F0 0A 00 0A 00 0A 00 0A 00 
[00005964] 00000565 50 20 66 02 00 02 00 63 
[0000596E] 00000153 00 50 00 00 00 FF 00 80 
[0000597A] 000001F3 00 01 00 FF C1 7F 00 08 
[00005984] 000001F8 00 00 00 00 FE FF 00 00 
[0000598F] 000001F0 0A 20 0A 00 0A 00 0A 00 
[000059A3] 00000316 01 00 00 00 00 00 00 00 
[000059AE] 00000336 00 00 FE 02 53 11 56 55 
[000059B8] 00000545 12 00 00 00 42 00 00 35 
[000059C2] 00000565 50 20 66 02 00 02 00 63 
[000059CC] 00000153 00 50 00 00 00 FF 00 80 
[000059D8] 000001F3 00 01 00 FF C1 7F 00 08 
[000059E2] 00025311 56 55 00 00 05 45 12 00 
[000059EC] 00004200 00 35 00 00 01 F5 40 00 
[000059F7] 00008021 00 00 00 00 01 53 00 50 
[00005A01] 000000FF 00 80 00 00 01 F8 00 00 
[00005A0B] 0000FEFF 00 00 00 00 03 29 C0 78 
[00005A1F] 00000000 00 00 00 00 06 13 1E 57 
[00005A29] 1D8501CD 93 00 00 00 06 18 00 00 
[00005A33] 8B000000 00 00 00 00 06 15 C0 00 
[00005A3E] 000E0200 00 00 00 00 01 53 00 50 
[00005A48] 000000FF 00 80 00 00 01 F3 80 00 
[00005A52] 00FFC17F 00 08 00 00 03 36 00 00 
[00005A5C] FE025311 56 55 00 00 05 65 50 20 
[00005A66] 66020002 00 63 00 00 01 F0 0A 20 
[00005A71] 0A000A00 0A 00 00 00 01 53 00 50 
[00005A7B] 000000FF 00 80 00 00 01 F3 00 01 
[00005A85] 00FFC17F 00 08 00 00 01 F8 00 00 
[00005A8F] 0000FEFF 00 00 00 00 01 F0 0A 40 
[00005AA0] 0A000A00 0A 00 00 00 01 F5 40 00 
[00005AAA] 00008041 00 00 00 00 03 29 11 78 
[00005AB5] 00000000 00 00 00 00 05 45 12 00 
[00005ABF] 000001F0 0A 00 0A 00 0A 00 0A 00 
[00005ACA] 00000316 01 00 00 00 00 00 00 00 
[00005AD4] 00000336 00 00 FE 02 53 11 56 55 
[00005ADE] 00000545 12 00 00 00 42 00 00 35 
[00005AE9] 00000565 50 20 66 02 00 02 00 64 
[00005AF3] 00000329 C0 78 00 00 00 00 00 00 
[00005AFD] 00000153 00 50 00 00 00 FF 00 80 
[00005B09] 000001F8 00 00 00 00 FE FF 00 00 
[00005B1D] 000001F0 0A 20 0A 00 0A 00 0A 00 
[00005B27] 00000316 01 00 00 00 00 00 00 00 
[00005B32] 00000336 00 00 FE 02 53 11 56 55 
[00005B3C] 000001F0 0A 40 0A 00 0A 00 0A 00 
[00005B46] 000001F8 00 00 00 00 FE FF 00 00 
[00005B52] 00000565 50 20 66 02 00 02 00 64 
[00005B5C] 00000329 C0 78 00 00 00 00 00 00 
[00005B66] 000001F5 40 00 00 00 80 C1 00 00 
[00005B71] 00000153 00 50 00 00 00 FF 00 80 
[00005B7D] 000001F3 00 01 00 FF C1 7F 00 08 
[00005B87] 000001F8 00 00 00 00 FE FF 00 00 
[00005B9A] 000001F0 0A 60 0A 00 0A 00 0A 00 
[00005BA5] 0000FEFF 00 00 00 00 01 F0 0A 20 
[00005BAF] 0A000A00 0A 00 00 00 03 16 01 00 
[00005BB9] 00000000 00 00 00 00 05 45 12 00 
[00005BC4] 00004200 00 35 00 00 03 29 C0 78 
[00005BCE] 00000000 00 00 00 00 05 65 50 20 
[00005BD8] 66020002 00 64 00 00 01 53 00 50 
[00005BE3] 000000FF 00 80 00 00 01 F3 80 00 
[00005BED] 00FFC17F 00 08 00 00 01 F8 00 00 
[00005BF7] 0000FEFF 00 00 00 00 01 F0 0A 40 
[00005C02] 0A000A00 0A 00 00 00 01 F5 40 00 
[00005C0C] 00008041 00 00 00 00 03 16 01 00 
[00005C1F] 00000000 00 00 00 00 03 36 00 00 
[00005C2A] FE025311 56 55 00 00 05 45 12 00 
[00005C34] 00004200 00 35 00 00 05 65 50 20 
[00005C3E] 66020002 00 64 00 00 01 F3 80 00 
[00005C49] 00FFC17F 00 08 00 00 01 F8 00 00 
[00005C53] 0000FEFF 00 00 00 00 03 29 C0 78 
[00005C5D] 00000000 00 00 00 00 01 F5 40 00 
[00005C68] 00008051 00 00 00 00 01 53 00 50 
[00005C72] 000000FF 00 80 00 00 01 F3 00 01 
[00005C7D] 00120000 00 42 00 00 35 00 00 05 
[00005C88] 65502066 02 00 02 00 63 00 00 03 
[00005C9B] 360000FE 02 53 11 56 55 00 00 01 
[00005CA5] F5400000 00 80 A1 00 00 00 00 01 
[00005CB0] F00A000A 00 0A 00 0A 00 00 00 01 
[00005CBA] F8000000 00 FE FF 00 00 00 00 06 
[00005CC4] 1FFF3F0B 33 42 00 00 00 00 00 01 
[00005CCF] 53005000 00 00 FF 00 80 00 00 03 
[00005CD9] 16010000 00 00 00 00 00 00 00 03 
[00005CE3] 360000FE 02 53 11 56 55 00 00 05 
[00005CEE] 65502066 02 00 02 00 63 00 00 01 
[00005CF8] F5400000 00 80 B1 00 00 00 00 01 
[00005D02] F8000000 00 FE FF 00 00 00 00 03 
[00005D16] 29C07800 00 00 00 00 00 00 00 01 
[00005D20] 53005000 00 00 FF 00 80 00 00 01 
[00005D2B] F3800000 FF C1 7F 00 08 00 00 01 
[00005D35] F8000000 00 FE FF 00 00 00 00 03 
[00005D3F] 360000FE 02 53 11 56 55 00 00 05 
[00005D49] 45120000 00 42 00 00 35 00 00 05 
[00005D54] 65502066 02 00 02 00 63 00 00 01 
[00005D5E] F5003500 00 05 65 50 20 66 02 00 
[00005D68] 02006400 00 01 F0 0A 00 0A 00 0A 
[00005D73] 000A0000 00 01 53 00 50 00 00 00 
[00005D7D] FF008000 00 01 F3 80 00 00 FF C1 
[00005D87] 7F000800 00 01 F8 00 00 00 00 FE 
[00005D9C] FF000000 00 01 F0 0A 20 0A 00 0A 
[00005DA6] 000A0000 00 03 16 01 00 00 00 00 
[00005DB0] 00000000 00 03 36 00 00 FE 02 53 
[00005DBA] 11565500 00 05 45 12 00 00 00 42 
[00005DC4] 00003500 00 05 65 50 20 66 02 00 
[00005DCF] 02006400 00 08 00 00 05 65 50 20 
[00005DD9] 66020002 00 64 00 00 03 29 11 78 
[00005DE3] 00000000 00 00 00 00 01 F5 40 00 
[00005DED] 000080F1 9D 05 00 00 01 53 00 50 
[00005DF7] 000000FF 00 80 00 00 01 F3 80 00 
[00005E01] 00FFC17F 00 08 00 00 01 F8 00 00 
[00005E15] 0000FEFF 00 00 00 00 03 16 01 00 
[00005E1F] 00000000 00 00 00 00 03 36 00 00 
[00005E29] FE025311 56 55 00 00 05 45 12 00 
[00005E33] 00004200 00 35 00 00 05 65 50 20 
[00005E3E] 66020002 00 64 00 00 01 F0 0A 20 
[00005E48] 0A000A00 0A 00 00 00 01 53 00 50 
[00005E52] 000000FF 00 80 00 00 01 F3 80 00 
[00005E5C] 00FFC17F 00 08 00 00 01 F5 40 00 
[00005E66] 00008001 00 00 00 00 01 F0 0A 40 
[00005E71] 0A000A00 0A 00 00 00 03 16 01 00 
[00005E7B] 00000000 00 00 00 00 03 36 00 00 
[00005E85] FE025311 56 55 00 00 06 18 00 00 
[00005E98] 8B000000 00 00 00 00 05 65 50 20 
[00005EA2] 66020002 00 64 00 00 01 F8 00 00 
[00005EAD] 0000FEFF 0A 00 00 00 01 F5 40 00 
[00005EB7] 000080B1 00 00 00 00 03 16 01 00 
[00005EC2] 00000000 00 00 00 00 01 53 00 50 
[00005ECC] 000000FF 00 80 00 00 01 F8 00 00 
[00005ED7] 0000FEFF 00 00 00 00 05 45 12 00 
[00005EE1] 00004200 00 35 00 00 05 65 50 20 
[00005EEB] 66020002 00 64 00 00 03 29 80 78 
[00005EF6] 00000000 00 00 00 00 01 53 00 50 
[00005F00] 000000FF 00 80 00 00 01 F3 80 00 
[00005F13] 00FF0180 00 08 00 00 01 F5 40 00 
[00005F1E] 000080C1 50 20 66 02 00 02 00 64 
[00005F28] 000001F0 0A 40 0A 00 0A 00 0A 00 
[00005F33] 00000153 00 50 00 00 00 FF 00 80 
[00005F3F] 000001F3 00 01 00 FF C1 7F 00 08 
[00005F49] 000001F8 00 00 00 00 FE FF 00 00 
[00005F54] 000001F0 0A 60 0A 00 0A 00 0A 00 
[00005F5E] 000001F5 40 00 00 00 80 91 00 00 
[00005F68] 00000316 01 00 00 00 00 00 00 00 
[00005F73] 00000336 00 00 FE 02 53 11 56 55 
[00005F7D] 00000545 12 00 00 00 42 00 00 35 
[00005F91] 00000565 00 01 F5 40 00 00 00 80 
[00005F9B] E1000000 00 01 53 00 50 00 00 00 
[00005FA5] FF008000 00 01 F3 00 01 00 FF 81 
[00005FB0] 7F000800 00 03 29 11 78 00 00 00 
[00005FBA] 00000000 00 05 45 12 00 00 00 42 
[00005FC5] 00003500 00 01 F0 0A 00 0A 00 0A 
[00005FCF] 000A0000 00 05 65 50 20 66 02 00 
[00005FD9] 02006400 00 01 F5 40 00 00 00 80 
[00005FE4] F19D0500 00 01 53 00 50 00 00 00 
[00005FEF] FF008000 00 01 F3 80 00 00 FF C1 
[00005FF9] 7F000800 00 01 F8 00 00 00 00 FE 
[00006004] FF000000 00 01 F0 0A 20 0A 00 0A 
[00006017] 000A0000 00 03 16 01 00 00 00 00 
[00006021] 00000000 00 03 36 00 00 FE 02 53 
[0000602C] 11565500 00 05 45 12 00 00 00 42 
[00006036] 00003500 00 05 65 50 20 66 02 00 
[00006041] 02006400 00 01 53 00 50 00 00 00 
[0000604B] FF008000 00 01 F3 80 00 00 FF C1 
[00006055] 7F000800 00 01 F5 40 00 00 00 80 
[00006060] 01000000 00 03 29 11 78 00 00 00 
[0000606A] 00000000 FF C1 7F 00 08 00 00 01 
[00006074] F8000000 00 FE FF 00 00 00 00 01 
[0000607F] F00A000A 00 0A 00 0A 00 00 00 01 
[00006092] F5400000 00 80 71 08 87 00 00 03 
[0000609C] 16010000 00 00 00 00 00 00 00 03 
[000060A7] 360000FE 02 53 11 56 55 00 00 01 
[000060B1] F3800000 FF 81 7F 00 08 00 00 05 
[000060BB] 45120000 00 42 00 00 35 00 00 05 
[000060C6] 65502066 02 00 02 00 64 00 00 03 
[000060D0] 29C07800 00 00 00 00 00 00 00 01 
[000060DA] 53005000 00 00 FF 00 80 00 00 01 
[000060E5] F3800000 FF 81 7F 00 08 00 00 01 
[000060EF] F5400000 00 80 81 00 00 00 00 01 
[000060F9] F00A400A 00 0A 00 0A 00 00 00 03 
[0000610E] 16010000 00 00 00 00 00 00 00 05 
[00006119] 45120000 00 42 00 00 35 00 00 03 
[00006123] 29117800 00 00 00 00 00 00 00 06 
[0000612E] 1FFF3F0B 33 42 00 00 00 00 00 05 
[00006138] 65502066 02 00 02 00 63 00 00 01 
[00006142] 53005000 00 00 FF 00 80 00 00 01 
[0000614D] F3000100 0A 60 0A 00 0A 00 0A 00 
[00006157] 000001F8 00 00 00 00 FE FF 00 00 
[00006161] 00000565 50 20 66 02 00 02 00 64 
[0000616C] 00000329 C0 78 00 00 00 00 00 00 
[00006176] 000001F5 40 00 00 00 80 E1 00 00 
[00006180] 00000153 00 50 00 00 00 FF 00 80 
[00006195] 000001F3 80 00 00 FF C1 7F 00 08 
[0000619F] 000001F8 00 00 00 00 FE FF 00 00 
[000061AA] 000001F0 0A 00 0A 00 0A 00 0A 00 
[000061B4] 00000316 01 00 00 00 00 00 00 00 
[000061BE] 00000545 12 00 00 00 42 00 00 35 
[000061C9] 00000565 50 20 66 02 00 02 00 64 
[000061D3] 00000329 C0 78 00 00 00 00 00 00 
[000061DD] 000001F5 40 00 00 00 80 F1 9D 05 
[000061E7] 00000153 00 50 00 00 00 FF 00 80 
[000061F3] 000001F3 80 00 00 FF C1 7F 00 08 
[000061FE] 000001F8 00 00 00 00 FE FF 00 00 
[00006218] 000001F0 0A 20 0A 00 0A 00 0A 00 
[00006222] 00000316 01 00 00 00 00 00 00 00 
[0000622C] 00000336 00 00 FE 02 53 11 56 55 
[00006237] 00000545 12 00 00 00 42 00 00 00 
[00006242] FE025311 56 55 00 00 05 45 12 00 
[0000624C] 00004200 00 35 00 00 05 65 50 20 
[00006256] 66020002 00 64 00 00 01 F3 40 00 
[00006261] 00FFC17F 00 08 00 00 01 F8 00 00 
[0000626B] 0000FEFF 00 00 00 00 03 29 C0 78 
[00006275] 00000000 00 00 00 00 01 F5 40 00 
[0000627F] 00008071 08 87 00 00 01 53 00 50 
[0000628A] 000000FF 00 80 00 00 01 F3 80 00 
[000062A0] 00FFC17F 00 08 00 00 01 F8 00 00 
[000062AB] 0000FEFF 00 00 00 00 03 29 C0 78 
[000062B7] 00000000 00 00 00 00 05 45 12 00 
[000062C3] 00004200 00 35 00 00 01 F0 0A 20 
[000062CE] 0A000A00 0A 00 00 00 05 65 50 20 
[000062DA] 66020002 00 64 00 00 01 53 00 50 
[000062E6] 000000FF 00 80 00 00 01 F3 80 00 
[000062F1] 00FF0180 00 08 00 00 01 F5 40 00 
[000062FD] 00008081 00 00 00 00 01 F0 0A 40 
[00006309] 0A000A00 0A 00 00 00 03 16 01 00 
[00006315] 00000000 00 00 00 00 03 36 00 00 
[0000632A] FE025311 56 55 00 00 05 45 12 00 
[00006336] 00004200 00 00 00 00 05 45 12 00 
[00006341] 00004200 00 35 00 00 01 F0 0A 60 
[0000634D] 0A000A00 0A 00 00 00 05 65 50 20 
[00006359] 66020002 00 63 00 00 01 53 00 50 
[00006364] 000000FF 00 80 00 00 01 F3 00 01 
[00006370] 00FFC17F 00 08 00 00 01 F8 00 00 
[0000637C] 0000FEFF 00 00 00 00 01 F0 0A 00 
[00006388] 0A000A00 0A 00 00 00 01 F5 40 00 
[00006394] 00008021 00 00 00 00 03 16 01 00 
[000063A0] 00000000 00 00 00 00 03 36 00 00 
[000063B5] FE025311 56 55 00 00 01 53 00 50 
[000063C0] 000000FF 00 80 00 00 01 F3 00 01 
[000063CC] 00FFC17F 00 08 00 00 05 65 50 20 
[000063D8] 66020002 00 64 00 00 03 29 C0 78 
[000063E3] 00000000 00 00 00 00 01 53 00 50 
[000063EF] 000000FF 00 80 00 00 01 F3 00 01 
[000063FB] 00FFC17F 00 08 00 00 01 F8 00 00 
[00006407] 0000FEFF 00 00 00 00 01 F0 0A 40 
[00006413] 0A000A00 0A 00 00 00 03 16 01 00 
[0000641F] 00000000 00 00 00 00 05 45 12 00 
[0000642B] 00004200 00 00 00 00 05 65 50 20 
[00006436] 66020002 00 63 00 00 01 F0 0A 60 
[0000644B] 0A000A00 0A 00 00 00 01 53 00 50 
[00006457] 000000FF 00 80 00 00 01 F3 80 00 
[00006462] 00FFC17F 00 08 00 00 01 F8 00 00 
[0000646E] 0000FEFF 00 00 00 00 01 F5 40 00 
[0000647A] 000080D1 00 00 00 00 01 F0 0A 00 
[00006486] 0A000A00 0A 00 00 00 03 16 01 00 
[00006491] 00000000 00 00 00 00 03 36 00 00 
[0000649D] FE025311 56 55 00 00 05 45 12 00 
[000064A9] 00004200 00 35 00 00 05 65 50 20 
[000064B4] 66020002 00 63 00 00 03 29 C0 78 
[000064C0] 00000000 00 00 00 00 01 53 00 50 
[000064D6] 000000FF 00 80 00 00 01 F3 00 01 
[000064E1] 00FFC17F 00 08 00 00 01 F8 00 00 
[000064ED] 0000FEFF 00 00 00 00 01 F0 0A 20 
[000064F9] 0A000A00 0A 00 00 00 01 F5 40 00 
[00006505] 000080E1 00 00 00 00 03 16 01 00 
[00006510] 00000000 00 00 00 00 01 F0 0A 40 
[0000651C] 0A000A00 0A 00 00 00 03 36 00 00 
[00006528] FE025300 00 00 00 00 05 45 12 00 
[00006533] 00004200 00 35 00 00 01 F0 0A 60 
[0000653F] 0A000A00 0A 00 00 00 01 F8 00 00 
[0000654B] 0000FEFF 00 00 00 00 05 65 50 20 
[00006560] 66020002 00 63 00 00 03 16 01 00 
[0000656B] 00000000 00 00 00 00 01 53 00 50 
[00006577] 000000FF 00 80 00 00 01 F3 80 00 
[00006583] 00FF0180 00 08 00 00 01 F8 00 00 
[0000658E] 0000FEFF 00 00 00 00 03 16 01 00 
[0000659A] 00000000 00 00 00 00 03 36 00 00 
[000065A6] FE025311 56 55 00 00 05 45 12 00 
[000065B1] 00004200 00 35 00 00 05 65 50 20 
[000065BD] 66020002 00 63 00 00 01 F0 0A 00 
[000065C9] 0A000A00 0A 00 00 00 01 53 00 50 
[000065D4] 000000FF 00 80 00 00 01 F3 00 01 
[000065E0] 00FF817F 00 08 00 00 01 F8 00 00 
[000065F5] 0000FEFF 00 00 00 00 01 F0 0A 20 
[00006600] 0A000A00 0A 00 00 00 01 F5 40 00 
[0000660C] 00008091 00 00 00 00 03 16 01 00 
[00006618] 00000000 00 00 00 00 03 36 00 00 
[00006624] FE025331 00 00 00 00 06 1A 5A 1D 
[0000662F] 82FEBF45 02 82 00 00 01 F0 0A 60 
[0000663B] 0A000A00 0A 00 00 00 01 F8 00 00 
[00006646] 0000FEFF 00 00 00 00 03 29 62 78 
[00006652] 00000000 00 00 00 00 03 16 01 00 
[0000665E] 00000000 00 00 00 00 01 53 00 50 
[00006669] 000000FF 00 80 00 00 01 F8 00 00 
[0000667E] 0000FEFF 00 00 00 00 05 45 12 00 
[00006689] 00004200 00 35 00 00 05 65 50 20 
[00006695] 66020002 00 63 00 00 03 29 62 78 
[000066A1] 00000029 62 78 00 00 00 00 00 00 
[000066AC] 00000153 00 50 00 00 00 FF 00 80 
[000066B9] 000001F3 40 00 00 FF C1 7E 00 08 
[000066C5] 00000329 80 78 00 00 00 00 00 00 
[000066D0] 00000545 12 00 00 00 42 00 00 35 
[000066DC] 00000565 50 20 66 02 00 02 00 64 
[000066E8] 000001F0 0A 20 0A 00 0A 00 0A 00 
[000066F3] 000001F5 40 00 00 00 80 01 00 00 
[000066FF] 00000153 00 50 00 00 00 FF 00 80 
[00006715] 000001F3 80 00 00 FF 01 7F 00 08 
[00006721] 000001F8 00 00 00 00 FE FF 00 00 
[0000672C] 000001F0 0A 40 0A 00 0A 00 0A 00 
[00006739] 00000316 01 00 00 00 00 00 00 00 
[00006745] 00000336 00 00 FE 02 53 11 56 55 
[00006751] 00000545 12 00 00 00 42 00 00 35 
[0000675D] 000001F5 40 00 00 00 80 11 00 00 
[00006769] 00000329 80 78 00 00 00 00 00 00 
[00006775] 00000153 00 50 00 00 00 FF 00 80 
[00006782] 000001F3 80 00 00 FF 01 7F 00 08 
[0000678E] 000001F8 00 00 00 00 FE FF 00 00 
[000067A3] 000001F3 00 01 00 FF 41 7F 00 08 
[000067AF] 000001F5 50 00 00 00 80 A1 00 00 
[000067BA] 000001F0 0A 00 0A 00 0A 00 0A 00 
[000067C6] 00000316 01 00 00 00 00 00 00 00 
[000067D2] 00000336 00 00 FE 02 53 11 56 55 
[000067DE] 00000545 12 00 00 00 42 00 00 35 
[000067E9] 00000153 00 50 00 00 00 FF 00 80 
[000067F7] 000001F8 00 00 00 00 FE FF 00 00 
[00006802] 000001F5 50 00 00 00 80 B1 00 00 
[0000680E] 00000329 80 78 00 00 00 00 00 00 
[0000681A] 00000153 00 50 00 00 00 FF 00 80 
[00006830] 000001F3 00 01 00 FF 41 7F 00 08 
[0000683C] 000001F8 00 00 00 00 FE FF 00 00 
[00006848] 00000329 80 78 00 00 00 00 00 00 
[00006854] 00000545 12 00 00 00 42 00 00 35 
[00006860] 00000565 50 20 66 02 00 02 00 64 
[0000686B] 000001F0 0A 40 0A 00 0A 00 0A 00 
[00006877] 000001F5 50 00 00 00 80 C1 00 00 
[00006883] 00000153 00 50 00 00 00 FF 00 80 
[00006890] 000001F3 80 00 00 FF 81 7F 00 08 
[0000689C] 000001F0 0A 00 0A 00 0A 00 0A 00 
[000068A7] 00000316 01 00 00 00 00 00 00 00 
[000068B3] 00000336 00 00 FE 02 53 11 56 55 
[000068C9] 00000545 12 00 00 00 42 00 00 35 
[000068D5] 00000565 50 20 66 02 00 02 00 63 
[000068E0] 00000329 80 78 00 00 00 00 00 00 
[000068EC] 00000153 00 50 00 00 00 FF 00 80 
[000068F9] 000001F3 80 00 00 FF C1 7F 00 08 
[00006905] 000001F8 00 00 00 00 FE FF 00 00 
[00006911] 000001F0 0A 20 0A 00 0A 00 0A 00 
[0000691C] 000001F5 40 00 00 00 80 61 00 00 
[00006928] 00000316 01 00 00 00 00 00 00 00 
[00006934] 00000336 00 00 FE 02 53 11 56 55 
[00006940] 00000153 00 50 00 00 00 FF 00 80 
[00006956] 000001F8 00 00 00 00 FE FF 00 00 
[00006963] 00000565 50 20 66 02 00 02 00 64 
[0000696E] 00000329 80 78 00 00 00 00 00 00 
[0000697A] 000001F5 41 00 06 00 80 71 09 87 
[00006985] 00000153 00 50 00 00 00 FF 00 80 
[00006993] 000001F3 80 00 00 FF C1 7F 00 08 
[0000699E] 00000100 00 03 16 01 00 00 00 00 
[000069AA] 00000000 00 03 36 00 00 FE 02 53 
[000069B6] 11565500 00 05 45 12 00 00 00 42 
[000069C2] 00003500 00 05 65 50 20 66 02 00 
[000069CD] 02006400 00 03 29 80 78 00 00 00 
[000069E2] 00000000 00 01 53 00 50 00 00 00 
[000069EE] FF008000 00 01 F8 00 00 00 00 FE 
[000069FA] FF000000 00 01 F0 0A 40 0A 00 0A 
[00006A06] 000A0000 00 01 F5 50 00 00 00 80 
[00006A12] 21000000 00 03 16 01 00 00 00 00 
[00006A1E] 00000000 00 01 F0 0A 60 0A 00 0A 
[00006A29] 000A0000 00 03 36 00 00 FE 02 53 
[00006A35] 11565500 00 05 45 12 00 00 00 42 
[00006A41] 00003500 00 05 65 50 20 66 02 00 
[00006A4D] 02006400 00 01 53 00 50 00 00 00 
[00006A58] FF008000 00 01 F5 50 00 00 00 80 
[00006A65] 31000000 00 01 53 00 50 00 00 00 
[00006A7A] FF008000 00 01 F3 00 01 00 FF C1 
[00006A86] 7F000800 00 01 F8 00 00 00 00 FE 
[00006A91] FF000000 00 01 F0 0A 00 0A 00 0A 
[00006A9D] 000A0011 56 55 00 00 05 45 12 00 
[00006AA8] 00004200 00 35 00 00 05 65 50 20 
[00006AB4] 66020002 00 63 00 00 01 F0 0A 60 
[00006ABF] 0A000A00 0A 00 00 00 01 F8 00 00 
[00006ACB] 0000FEFF 00 00 00 00 03 29 C0 78 
[00006AD7] 00000000 00 00 00 00 01 F5 60 00 
[00006AE2] 000080E1 00 00 00 00 01 53 00 50 
[00006AEE] 000000FF 00 80 00 00 01 F3 80 00 
[00006B02] 00FF0180 00 08 00 00 03 29 C0 78 
[00006B0E] 00000000 00 00 00 00 05 45 12 00 
[00006B1A] 00004200 00 35 00 00 05 65 50 20 
[00006B25] 66020002 00 63 00 00 01 F0 0A 00 
[00006B31] 0A000A00 0A 00 00 00 01 53 00 50 
[00006B3C] 000000FF 00 80 00 00 01 F3 80 00 
[00006B48] 00FF0180 00 08 00 00 01 F5 60 00 
[00006B53] 000080F1 9D 05 00 00 01 F0 0A 20 
[00006B60] 0A000A00 0A 00 00 00 03 16 01 00 
[00006B6C] 00000000 00 00 00 00 03 36 00 00 
[00006B78] FE025311 56 55 00 00 05 45 12 00 
[00006B83] 00004200 00 35 00 00 05 65 50 20 
[00006B98] 66020011 56 55 00 00 05 45 12 00 
[00006BA4] 00004200 00 35 00 00 05 65 50 20 
[00006BB0] 66020002 00 63 00 00 01 F0 0A 40 
[00006BBB] 0A000A00 0A 00 00 00 01 53 00 50 
[00006BC7] 000000FF 00 80 00 00 01 F3 00 01 
[00006BD3] 00FF0180 00 08 00 00 01 F8 00 00 
[00006BDF] 0000FEFF 00 00 00 00 01 F0 0A 60 
[00006BEF] 0A000A00 0A 00 00 00 01 F5 70 00 
[00006BFA] 00008091 00 00 00 00 03 16 01 00 
[00006C06] 00000000 00 00 00 00 03 36 00 00 
[00006C12] FE025311 56 55 00 00 05 45 12 00 
[00006C27] 00004200 00 35 00 00 01 F3 00 01 
[00006C33] 00FF0180 00 08 00 00 05 65 50 20 
[00006C3E] 66020002 00 63 00 00 03 29 C0 78 
[00006C4A] 00000000 00 00 00 00 01 F5 70 00 
[00006C56] 000080A1 00 00 00 00 01 53 00 50 
[00006C62] 000000FF 00 80 00 00 01 F3 00 01 
[00006C6D] 00FF0180 00 08 00 00 01 F8 00 00 
[00006C79] 0000FEFF 00 00 00 00 03 16 01 00 
[00006C85] 00000000 00 00 00 00 05 45 12 00 
[00006C90] 00004200 00 00 00 00 05 45 12 00 
[00006C9C] 00004200 00 35 00 00 05 65 50 20 
[00006CB2] 66020002 00 64 00 00 01 F0 0A 40 
[00006CBE] 0A000A00 0A 00 00 00 01 53 10 50 
[00006CC9] 000000FF 00 80 00 00 01 F3 00 01 
[00006CD5] 00FF0180 00 08 00 00 01 F8 00 00 
[00006CE1] 0000FEFF 00 00 00 00 01 F0 0A 60 
[00006CEC] 0A000A00 0A 00 00 00 03 16 01 00 
[00006CF8] 00000000 00 00 00 00 03 36 00 00 
[00006D04] FE025311 56 55 00 00 05 45 12 00 
[00006D10] 00004200 00 35 00 00 05 65 50 20 
[00006D1B] 66020002 00 64 00 00 03 29 C0 78 
[00006D27] 00000000 00 00 00 00 01 53 10 50 
[00006D33] 000000FF 00 80 00 00 01 F8 00 00 
[00006D48] 0000FEFF 00 00 00 00 01 F0 0A 00 
[00006D53] 0A000A00 0A 00 00 00 01 F5 70 00 
[00006D5F] 00008051 00 00 00 00 03 16 01 00 
[00006D6B] 00000000 00 00 00 00 03 36 00 00 
[00006D76] FE025311 56 55 00 00 01 F3 00 01 
[00006D82] 00FF0180 00 08 00 00 05 45 12 00 
[00006D8E] 000042F1 9D 05 00 00 03 29 62 78 
[00006D99] 00000000 00 00 00 00 01 53 10 50 
[00006DA5] 000000FF 00 80 00 00 01 F3 80 00 
[00006DB1] 00FFC17F 00 08 00 00 01 F8 00 00 
[00006DBD] 0000FEFF 00 00 00 00 03 29 62 78 
[00006DD1] 00000000 00 00 00 00 05 45 12 00 
[00006DDD] 00004200 00 35 00 00 01 F0 0A 60 
[00006DE9] 0A000A00 0A 00 00 00 05 65 50 20 
[00006DF6] 66020002 00 63 00 00 01 F5 70 00 
[00006E01] 00008001 00 00 00 00 01 53 10 50 
[00006E0D] 000000F3 80 00 00 FF C1 7F 00 08 
[00006E19] 000001F8 00 00 00 00 FE FF 00 00 
[00006E24] 000001F0 0A 00 0A 00 0A 00 0A 00 
[00006E30] 00000316 01 00 00 00 00 00 00 00 
[00006E3C] 00000545 12 00 00 00 42 00 00 35 
[00006E48] 00000565 50 20 66 02 00 02 00 63 
[00006E5C] 00000329 62 78 00 00 00 00 00 00 
[00006E68] 000001F5 70 00 00 00 80 C1 00 00 
[00006E74] 00000153 10 50 00 00 00 FF 00 80 
[00006E81] 000001F3 80 00 00 FF C1 7F 00 08 
[00006E8D] 000001F8 00 00 00 00 FE FF 00 00 
[00006E98] 000001F0 0A 20 0A 00 0A 00 0A 00 
[00006EA4] 00000316 01 00 00 00 00 00 00 00 
[00006EB0] 00000336 00 00 FE 02 53 11 56 55 
[00006EBC] 00000545 12 00 00 00 42 00 00 35 
[00006EC7] 00000565 50 20 66 02 00 02 00 63 
[00006ED3] 000001F8 00 00 00 00 FE FF 00 00 
[00006EDF] 00000329 62 78 00 00 00 00 00 00 
[00006EF3] 00000153 10 50 00 00 00 FF 00 80 
[00006F01] 000001F3 80 00 00 FF C1 7F 00 08 
[00006F0C] 00000100 00 03 36 00 00 FE 02 53 
[00006F18] 11565500 00 05 65 50 20 66 02 00 
[00006F23] 02006400 00 03 29 C0 78 00 00 00 
[00006F2F] 00000000 00 01 53 10 50 00 00 00 
[00006F3A] FF008000 00 01 F5 70 00 00 00 80 
[00006F47] 91000000 00 01 F8 00 00 00 00 FE 
[00006F52] FF000000 00 01 F0 0A 40 0A 00 0A 
[00006F5E] 000A0000 00 03 16 01 00 00 00 00 
[00006F69] 00000000 00 03 36 00 00 FE 02 53 
[00006F7E] 11565500 00 01 F0 0A 60 0A 00 0A 
[00006F8A] 000A0000 00 01 F5 70 00 00 00 80 
[00006F95] 31000000 00 01 F5 70 00 00 00 80 
[00006FA1] 41008000 00 01 F5 70 00 00 00 80 
[00006FAD] 51008000 00 01 F5 70 00 00 00 80 
[00006FB9] 61008000 00 01 53 D4 51 00 00 00 
[00006FC4] FF009000 00 01 F3 02 80 00 FF C1 
[00006FD0] FF000800 00 01 F5 70 00 00 00 80 
[00006FDC] 710B8A00 00 01 F0 0A 40 0A 00 0A 
[00006FE7] 000A0000 00 01 53 D4 51 00 00 00 
[00006FF3] FF009000 00 01 F3 02 80 00 FF C1 
[00006FFE] FF000800 00 01 F8 00 00 11 00 00 
[00007013] 00000153 94 51 00 00 00 FF 00 90 
[00007020] 000001F3 02 80 00 FF C1 FF 00 08 
[0000702C] 000001F8 00 00 00 00 FE FF 00 00 
[00007038] 00000336 00 00 FE 02 53 11 56 55 
[00007043] 00000545 12 00 00 00 42 00 00 35 
[0000704F] 00000565 50 20 66 02 00 02 00 64 
[0000705B] 000001F0 0A 20 0A 00 0A 00 0A 00 
[00007066] 000001F5 70 00 00 00 80 21 00 00 
[00007072] 0000061F FF 3F 0F 77 42 00 00 00 
[0000707E] 00000153 94 51 00 00 00 FF 00 90 
[0000708B] 000001F8 00 00 00 00 FE FF 00 00 
[000070A1] 000001F0 0A 40 0A 00 0A 00 0A 00 
[000070AD] 00000316 01 00 00 00 00 00 00 00 
[000070B9] 00000336 00 00 FE 02 53 11 56 55 
[000070C5] 00000545 12 00 00 00 42 00 00 35 
[000070D1] 00000565 50 20 66 02 00 02 00 64 
[000070DC] 000001F0 0A 60 0A 00 0A 00 0A 00 
[000070E8] 000001F8 00 00 00 00 FE FF 00 00 
[000070F4] 000001F5 70 00 00 00 80 31 00 00 
[00007100] 00000329 11 78 00 00 00 00 00 01 
[0000710B] F3028000 FF C1 FF 00 08 00 00 01 
[00007117] F8000000 00 FE FF 00 00 00 00 01 
[0000712C] F5700000 00 80 B1 00 00 00 00 01 
[00007137] F00A600A 00 0A 00 0A 00 00 00 03 
[00007143] 160100B3 0A 00 00 00 00 00 00 05 
[0000714F] 45127A01 00 42 00 00 35 00 00 05 
[0000715A] 65502066 02 00 02 00 6C 00 00 03 
[00007166] 29C07800 00 00 00 00 00 00 00 01 
[00007172] 53945100 00 00 FF 00 90 00 00 01 
[0000717E] F3028000 FF C1 FF 00 08 00 00 01 
[00007189] F8000000 00 FE FF 00 00 00 00 01 
[00007195] F00A000A 00 0A 00 0A 00 00 00 01 
[000071A1] F5700000 00 80 C1 00 00 00 00 03 
[000071AC] 160100B3 0A 00 00 00 00 00 00 03 
[000071C2] 360000FE 02 7F 11 7F 4E 00 00 01 
[000071CD] 53945100 00 00 FF 00 90 00 00 01 
[000071DA] F8000000 00 FE FF 00 00 00 00 05 
[000071E6] 65502066 02 00 02 00 6C 00 00 03 
[000071F1] 29117800 00 00 00 00 00 00 00 01 
[000071FD] F5700000 00 80 D1 00 00 FF 00 00 
[00007209] 000001F0 0A 00 0A 00 0A 00 0A 00 
[00007214] 000001F5 71 00 00 00 80 71 0C 8A 
[00007220] 00000316 01 00 79 24 00 00 00 00 
[0000722C] 00000336 09 3A FE 02 7C 1C C4 08 
[00007238] 00000545 12 B2 02 00 42 00 00 35 
[0000724C] 00000565 50 20 66 02 00 02 9E 68 
[00007258] 00000153 14 51 00 00 00 FF 00 90 
[00007265] 000001F8 00 00 00 00 FE FF 00 00 
[00007271] 00000329 11 78 00 00 00 00 00 00 
[0000727D] 000001F5 71 00 00 00 80 81 00 00 
[00007289] 00000316 01 00 79 24 00 00 00 00 
[00007295] 000001F0 0A 40 0A 00 0A 00 0A 00 
[000072A0] 00000336 FD 37 FE 02 3F 1C D8 08 
[000072AC] 00000545 12 B2 02 00 42 00 00 35 
[000072B8] 00000153 14 51 00 00 00 FF 00 90 
[000072C5] 00000565 50 20 66 02 00 02 9E 68 
[000072D0] 00000153 14 51 00 00 00 FF 00 90 
[000072E5] 000001F3 02 80 00 FF C1 FF 00 08 
[000072F0] 000001F5 71 00 00 00 80 91 00 00 
[000072FC] 000001F0 0A 60 0A 00 0A 00 00 00 
[00007308] 00000336 19 21 FE 02 79 1B 25 09 
[00007313] 00000545 12 55 04 00 42 00 00 35 
[0000731F] 000001F0 0A 00 0A 00 0A 00 0A 00 
[0000732B] 00000565 50 20 66 02 00 02 BD 64 
[00007337] 00000153 10 50 00 00 00 FF 00 80 
[00007344] 000001F3 00 01 00 FF C1 7F 00 08 
[00007350] 000001F8 00 00 00 00 FE FF 00 00 
[0000735C] 000001F0 0A 20 0A 00 0A 00 0A 00 
[00007370] 000001F5 70 00 00 00 80 31 00 00 
[0000737C] 00000316 01 00 06 32 00 00 00 00 
[00007388] 00000336 7F 1F FE 02 40 1B 2B 09 
[00007393] 00000545 12 55 04 00 42 00 00 35 
[0000739F] 00000329 11 78 00 00 00 00 00 00 
[000073AA] 00000565 50 20 66 02 00 02 BD 64 
[000073B6] 000001F3 00 01 00 FF 41 7F 00 08 
[000073C1] 000001F8 00 00 00 00 FE FF 00 00 
[000073CD] 00000153 10 50 00 00 00 FF 00 80 
[000073DA] 000001F5 70 00 00 00 80 41 00 00 
[000073E6] 00000153 10 50 00 00 00 FF 00 80 
[000073FC] 000001F3 80 00 00 FF C1 00 00 35 
[00007408] 00000565 50 20 66 02 00 02 BF 63 
[00007413] 00000329 11 78 00 00 00 00 00 00 
[0000741F] 0000061A 5A 1D 82 FE BF 45 02 82 
[0000742A] 00000329 11 78 00 00 00 00 00 00 
[00007436] 00000545 00 A1 04 00 00 00 00 35 
[00007441] 00000316 00 00 E0 2E 00 00 00 00 
[0000744D] 00000565 50 20 66 02 00 02 BF 63 
[00007459] 00000316 00 00 E0 2E 00 00 00 00 
[00007465] 00000336 00 00 FE 02 CC 16 6C 08 
[00007470] 00000545 00 A1 04 00 00 00 00 35 
[0000747C] 00000329 11 78 00 00 00 00 00 00 
[00007492] 00000565 50 20 66 02 00 02 BF 63 
[0000749D] 4500A104 00 00 00 00 35 00 00 05 
[000074A9] 65502066 02 00 02 BF 63 00 00 03 
[000074B5] 29807800 00 00 00 00 00 00 00 03 
[000074C0] 160000A0 2C 00 00 00 00 00 00 03 
[000074CC] 360000FE 02 B6 16 7C 08 00 00 05 
[000074D8] 4500A104 00 00 00 00 35 00 00 05 
[000074E3] 65502066 02 00 02 BF 63 00 00 03 
[000074EF] 29807800 00 00 00 00 00 00 00 03 
[000074FB] 160000C0 27 00 00 00 00 00 00 03 
[00007507] 360000FE 02 52 16 C4 08 00 00 05 
[0000751B] 4500A104 00 00 00 00 35 00 00 05 
[00007527] 65502066 02 00 02 BF 64 00 00 03 
[00007533] 29627800 00 00 00 00 00 00 00 03 
[0000753F] 16000039 27 00 00 00 00 00 00 03 
[0000754A] 360000FE 02 52 16 C4 08 00 00 05 
[00007556] 4500A104 00 00 00 00 35 00 00 05 
[00007562] 65502066 02 00 02 BF 63 00 00 03 
[0000756D] 29627800 00 00 00 00 00 00 00 03 
[00007579] 16000039 27 00 00 00 00 00 00 03 
[00007585] 360000FE 02 4D 16 ED 08 00 00 05 
[00007590] 4500A104 00 00 00 00 35 00 00 05 
[000075A5] 65502066 02 00 02 BF 63 00 00 03 
[000075B1] 29627800 00 00 00 00 00 45 00 A1 
[000075BD] 04000000 00 35 00 00 05 65 50 20 
[000075C9] 66020002 BF 63 00 00 03 29 80 78 
[000075D5] 00000000 00 00 00 00 03 16 00 00 
[000075E1] 26250000 00 00 00 00 03 36 00 00 
[000075EC] FE021E16 1B 09 00 00 05 45 00 A1 
[000075F8] 04000000 00 35 00 00 05 65 50 20 
[00007604] 66020002 BF 63 00 00 03 29 80 78 
[0000760F] 00000000 00 00 00 00 03 16 00 00 
[0000761B] B9200000 00 00 00 00 03 36 00 00 
[00007627] FE00CA15 70 0C 00 00 05 45 00 A1 
[0000763C] 04000000 00 35 00 00 03 29 62 78 
[00007647] 00000000 00 00 00 00 05 65 50 20 
[00007653] 66020002 BF 63 00 00 03 16 00 00 
[0000765F] 2C200000 00 00 00 00 03 36 00 00 
[0000766A] FE00C615 6A 0C 00 00 05 45 00 A1 
[00007676] 04000000 00 35 00 00 05 65 50 20 
[00007682] 66020002 BF 63 00 00 03 29 80 78 
[0000768D] 00000000 00 00 00 00 03 16 00 00 
[00007699] 2C200000 00 00 00 00 03 36 00 00 
[000076A5] FE00C615 9F 0D 00 00 05 45 00 A1 
[000076B0] 04000000 00 35 00 00 05 65 50 20 
[000076C5] 66020002 BF 63 00 00 03 29 80 78 
[000076D1] 00000000 00 00 F9 1E 00 00 00 00 
[000076DD] 00000336 00 00 FE 00 A3 15 B4 0E 
[000076E8] 00000545 00 A1 04 00 00 00 00 35 
[000076F4] 00000329 C0 78 00 00 00 00 00 00 
[00007700] 00000565 50 20 66 02 00 02 BF 63 
[0000770B] 00000316 00 00 53 1E 00 00 00 00 
[00007718] 00000336 00 00 FE 00 A3 15 B9 0E 
[00007724] 00000545 00 A1 04 00 00 00 00 35 
[00007730] 00000565 50 20 66 02 00 02 BF 63 
[0000773B] 00000329 C0 78 00 00 00 00 00 00 
[00007747] 00000316 00 00 53 1E 00 00 00 00 
[0000775C] 00000000 00 35 00 00 05 65 50 20 
[00007768] 66020002 BF 63 00 00 03 29 80 78 
[00007773] 00000000 00 00 00 00 06 1F FF 3F 
[0000777F] 09000000 00 00 00 00 03 16 00 00 
[0000778B] 20190000 00 00 00 00 03 36 00 00 
[00007796] FE00DA14 1F 15 00 00 05 45 00 A1 
[000077A2] 04000000 00 35 00 00 03 29 C0 78 
[000077AE] 00000000 00 00 00 00 05 65 50 20 
[000077B9] 66020002 BF 63 00 00 03 16 00 00 
[000077C5] 20190000 00 00 00 00 03 36 00 00 
[000077D1] FE00DA14 44 16 00 00 05 45 00 A1 
[000077E6] 04000000 00 35 00 00 05 65 50 20 
[000077F1] 66020002 BF 63 00 00 03 29 C0 78 
[000077FD] 00000000 00 00 00 00 00 00 00 03 
[00007808] 360000FE 00 9D 14 26 17 00 00 05 
[00007814] 4500A104 00 00 00 00 35 00 00 03 
[00007820] 29C07800 00 00 00 00 00 00 00 05 
[0000782B] 65502066 02 00 02 BF 63 45 00 A1 
[00007837] 04000000 00 35 00 00 03 29 C0 78 
[00007842] 00000000 00 00 00 00 05 65 50 20 
[0000784E] 66020002 BF 63 00 00 03 16 00 00 
[00007859] EC120000 00 00 00 00 03 36 00 00 
[0000786F] FE005A13 F8 2A 00 00 05 45 00 A1 
[0000787B] 04000000 00 35 00 00 05 65 50 20 
[00007886] 66020002 BF 63 00 00 03 29 C0 78 
[00007892] 00000000 00 00 00 00 03 16 00 00 
[0000789D] EC120000 00 00 00 00 03 36 00 00 
[000078A9] FE005A13 F8 2A 00 00 05 45 00 A1 
[000078B4] 04000000 00 35 00 00 03 29 11 78 
[000078C0] 00000000 00 00 00 00 05 65 50 20 
[000078CC] 66020002 BF 63 00 00 03 16 00 00 
[000078D7] 06120000 00 00 00 00 03 36 00 00 
[000078E3] FE005A13 A7 2B 00 00 05 45 00 A1 
[000078EE] 04000000 00 35 00 00 05 65 50 20 
[00007903] 66020002 BF 63 00 00 03 29 11 78 
[0000790F] 00000000 00 00 00 00 03 16 00 00 
[0000791A] 06120000 00 00 00 00 03 36 00 00 
[00007926] FE005A13 A7 2B 00 00 05 45 00 A1 
[00007932] 04000000 00 35 00 00 03 29 11 78 
[0000793E] 00000000 00 00 00 00 05 65 50 20 
[00007949] 66020002 BF 63 00 00 03 16 00 00 
[00007955] 190E0000 00 00 00 00 03 36 00 00 
[00007961] FE005A13 62 3C 00 00 05 45 00 A1 
[0000796C] 04000000 00 35 00 00 05 65 50 20 
[00007978] 66020002 BF 63 00 00 03 29 C0 78 
[0000798D] 00000000 00 00 00 00 03 16 00 00 
[00007998] 190E0000 00 00 00 00 03 36 00 00 
[000079A5] FE005A13 8D 3F 00 00 05 45 00 A1 
[000079B1] 04000000 00 35 00 00 05 65 50 20 
[000079BD] 66020002 BF 63 00 00 03 29 C0 78 
[000079C8] 00000000 00 00 00 00 03 16 00 00 
[000079D4] 190E0000 00 00 00 00 03 36 00 00 
[000079E0] FE005A13 8D 3F 00 00 05 45 00 A1 
[000079EB] 04000000 00 35 00 00 03 29 C0 78 
[000079F7] 00000000 00 00 00 00 05 65 50 20 
[00007A03] 66020002 BF 63 FE 00 5A 13 F6 42 
[00007A18] 00000545 00 A1 04 00 00 00 00 35 
[00007A23] 00000565 50 20 66 02 00 02 BF 63 
[00007A2F] 00000329 11 78 00 00 00 00 00 00 
[00007A3B] 0000061A 5A 1D 82 FE BF 45 02 82 
[00007A46] 00000316 00 00 F9 0C 00 00 00 00 
[00007A52] 00000336 00 00 FE 00 5A 13 F6 42 
[00007A5E] 00000545 00 A1 04 00 00 00 00 35 
[00007A6A] 00000565 50 20 66 02 00 02 BF 63 
[00007A76] 00000329 11 78 00 00 00 00 00 00 
[00007A81] FE005A13 05 4F 00 00 05 45 00 A1 
[00007A8D] 04000000 00 35 00 00 03 29 11 78 
[00007A99] 00000000 00 00 00 00 05 65 50 20 
[00007AAD] 66020002 BF 63 00 00 03 16 00 00 
[00007AB9] F3080000 00 00 00 00 03 36 00 00 
[00007AC5] FE005A13 FA 4E 00 00 05 45 00 A1 
[00007AD0] 04000000 00 35 00 00 05 65 50 20 
[00007ADC] 66020002 BF 63 00 00 03 29 11 78 
[00007AE8] 00000000 00 00 00 00 03 16 00 00 
[00007AF4] F3080000 00 00 00 00 03 36 00 00 
[00007B00] FE005A13 FA 4E 00 00 05 45 00 A1 
[00007B0C] 04000000 00 35 00 00 05 65 50 20 
[00007B17] 66020002 BF 63 00 00 03 29 11 78 
[00007B23] 00000000 00 00 00 00 03 16 00 00 
[00007B38] F3080000 00 00 00 00 03 36 00 00 
[00007B44] FE005A13 F6 4E 00 00 05 45 00 A1 
[00007B4F] 04000000 00 35 00 00 05 65 50 20 
[00007B5B] 66020002 BF 63 00 00 03 29 11 78 
[00007B67] 00000000 00 00 00 00 03 16 00 00 
[00007B72] F3080000 00 00 00 00 03 36 00 00 
[00007B7E] FE005A13 F6 4E 00 00 05 45 00 A1 
[00007B8A] 04000000 00 35 00 00 03 29 62 78 
[00007B95] 00000000 00 00 00 00 05 65 50 20 
[00007BA1] 66020002 BF 63 00 00 05 45 00 A1 
[00007BAD] 04000000 00 35 00 00 05 65 50 20 
[00007BB9] 66020002 BF 63 00 00 03 29 62 78 
[00007BCD] 00000000 00 00 00 00 03 16 00 00 
[00007BD9] EC040000 00 00 00 00 03 36 00 00 
[00007BE5] FE005A13 D1 5A 00 00 05 45 00 A1 
[00007BF1] 04000000 00 35 00 00 05 65 50 20 
[00007BFC] 66020002 BF 63 00 00 03 29 62 78 
[00007C08] 00000000 00 00 00 00 03 16 00 00 
[00007C14] EC040000 00 00 00 00 03 36 00 00 
[00007C1F] FE005A13 D1 5A 00 00 05 45 00 A1 
[00007C2B] 04000000 00 35 00 00 03 29 62 78 
[00007C37] 00000000 00 00 00 00 05 65 50 20 
[00007C43] 66020002 BF 63 00 00 05 45 00 A1 
[00007C58] 04000000 00 35 00 00 05 65 50 20 
[00007C64] 66020002 BF 63 00 00 03 29 C0 78 
[00007C6F] 00000000 00 00 00 00 03 16 00 00 
[00007C7B] EC040000 00 00 00 00 03 36 00 00 
[00007C86] FE005A13 AD 5A 00 00 05 45 00 A1 
[00007C92] 04000000 00 35 00 00 05 65 50 20 
[00007C9D] 66020002 BF 63 00 00 03 29 C0 78 
[00007CA9] 00000000 00 00 00 00 03 16 00 00 
[00007CB4] EC040000 00 00 00 00 03 36 00 00 
[00007CC0] FE005A13 AD 5A FE 00 44 13 5F 5A 
[00007CCB] 00000545 00 A1 04 00 00 00 00 35 
[00007CE0] 00000565 50 20 66 02 00 02 00 63 
[00007CEC] 00000329 62 78 00 00 00 00 00 00 
[00007CF7] 00000316 00 00 00 00 00 00 00 00 
[00007D03] 00000336 00 00 FE 00 44 13 5F 5A 
[00007D0F] 00000545 00 A1 04 00 00 00 00 35 
[00007D1A] 00000565 50 20 66 02 00 02 00 63 
[00007D26] 00000329 62 78 00 00 00 00 00 00 
[00007D32] 00000316 00 00 00 00 00 00 00 00 
[00007D3E] 00000336 00 00 FE 00 44 13 5F 5A 
[00007D49] 00000545 00 A1 04 00 00 00 00 35 
[00007D55] 00000565 50 20 66 02 00 02 00 63 
[00007D60] 00000329 80 78 00 00 00 00 00 00 
[00007D75] 66020002 00 63 00 00 03 29 11 78 
[00007D81] 00000000 00 00 00 00 03 16 00 00 
[00007D8E] 00000000 00 00 00 00 03 36 00 00 
[00007D99] FE005311 56 55 00 00 05 45 00 A1 
[00007DA5] 04000000 00 35 00 00 05 65 50 20 
[00007DB1] 66020002 00 63 00 00 03 29 11 78 
[00007DBC] 00000000 00 00 00 00 03 16 00 00 
[00007DC8] 00000000 00 00 00 00 03 36 00 00 
[00007DD4] FE005311 56 55 00 00 05 45 00 A1 
[00007DDF] 04000000 00 35 00 00 05 65 50 20 
[00007DEB] 66020002 00 63 00 00 03 29 11 78 
[00007E00] 00000000 00 00 00 00 35 00 00 05 
[00007E0C] 65502066 02 00 02 00 64 00 00 03 
[00007E17] 29807800 00 00 00 00 00 00 00 03 
[00007E23] 16000000 00 00 00 00 00 00 00 03 
[00007E2F] 360000FE 00 53 11 56 55 00 00 05 
[00007E3A] 4500A104 00 00 00 00 35 00 00 05 
[00007E46] 65502066 02 00 02 00 64 00 00 03 
[00007E52] 29807800 00 00 00 00 00 00 00 03 
[00007E5D] 16000000 00 00 00 00 00 00 00 03 
[00007E69] 360000FE 00 53 11 56 55 00 00 05 
[00007E75] 4500A104 00 00 00 00 35 00 00 05 
[00007E8A] 65502066 02 00 02 00 63 00 00 03 
[00007E95] 29627800 00 00 00 00 00 00 00 03 
[00007EA1] 16000000 00 00 00 00 00 00 00 03 
[00007EAD] 360000FE 00 53 11 56 55 00 00 05 
[00007EB8] 4500A104 00 00 00 00 35 00 00 05 
[00007EC4] 65502066 02 00 02 00 63 00 00 03 
[00007ED0] 29627800 00 00 00 00 00 00 00 03 
[00007EDC] 16000000 00 00 00 00 00 00 00 03 
[00007EE8] 360000FE 00 53 11 56 55 00 00 05 
[00007EF4] 4500A104 00 00 00 00 35 00 00 05 
[00007EFF] 65502066 02 00 02 00 63 00 00 03 
[00007F0B] 29627800 00 00 00 00 00 FE 00 53 
[00007F20] 11565500 00 05 45 00 A1 04 00 00 
[00007F2C] 00003500 00 05 65 50 20 66 02 00 
[00007F37] 02006300 00 03 29 80 78 00 00 00 
[00007F43] 00000000 00 03 16 00 00 00 00 00 
[00007F4F] 00000000 00 03 36 00 00 FE 00 53 
[00007F5A] 11565500 00 05 45 00 A1 04 00 00 
[00007F66] 00003500 00 05 65 50 20 66 02 00 
[00007F72] 02006300 00 03 29 80 78 00 00 00 
[00007F7D] 00000036 00 00 FE 00 53 11 56 55 
[00007F89] 00000545 00 A1 04 00 00 00 00 35 
[00007F95] 00000565 50 20 66 02 00 02 00 64 
[00007FAA] 00000329 80 78 00 00 00 00 00 00 
[00007FB5] 00000316 00 00 00 00 00 00 00 00 
[00007FC1] 00000336 00 00 FE 00 53 11 56 55 
[00007FCD] 00000545 00 A1 04 00 00 00 00 35 
[00007FD9] 00000565 50 20 66 02 00 02 00 64 
[00007FE5] 00000329 C0 78 00 00 00 00 00 00 
[00007FF0] 00000316 00 00 00 00 00 00 00 00 
[00007FFC] 00000336 00 00 FE 00 53 11 56 55 
[00008008] 00000545 00 A1 04 00 00 00 00 35 
[00008014] 00000565 50 20 66 02 00 02 00 64 
[00008020] 00000329 C0 78 00 00 00 00 00 00 
[0000802C] 00000316 00 00 00 00 00 00 00 00 
[00008041] 00000336 00 00 FE 00 53 11 56 55 
[0000804D] 00000545 00 A1 04 00 00 00 00 35 
[00008059] 00000565 50 20 66 02 00 02 00 64 
[00008065] 00000329 C0 78 00 00 00 00 00 00 
[00008070] 00000000 00 03 36 00 00 FE 00 53 
[0000807C] 11565500 00 05 45 00 A1 04 00 00 
[00008088] 00003500 00 05 65 50 20 66 02 00 
[00008093] 02006400 00 03 29 80 78 00 00 00 
[0000809F] 00000000 00 03 16 00 00 00 00 00 
[000080AB] 00000000 00 03 36 00 00 FE 00 53 
[000080B7] 11565500 00 05 45 00 A1 04 00 00 
[000080CB] 00003500 00 05 65 50 20 66 02 00 
[000080D7] 02006400 00 03 29 80 78 00 00 00 
[000080E3] 00000000 00 03 16 00 00 00 00 00 
[000080EE] 00000000 00 03 36 00 00 FE 00 53 
[000080FA] 11565500 00 05 45 00 A1 04 00 00 
[00008105] 00003500 00 05 65 50 20 66 02 00 
[00008111] 02006400 00 03 29 C0 78 00 00 00 
[0000811C] 00000000 00 03 16 00 00 00 00 00 
[00008128] 00000000 00 03 36 00 00 FE 00 53 
[00008134] 11565500 00 05 45 00 A1 04 00 00 
[0000813F] 00003500 00 05 65 50 20 66 02 00 
[000081E5] 02006400 00 03 29 C0 78 00 00 00 
[000081F1] 00000000 00 00 00 00 03 16 00 00 
[000081FD] 00000000 00 00 00 00 03 36 00 00 
[00008208] FE005311 56 55 00 00 05 45 00 A1 
[00008214] 04000000 00 35 00 00 05 65 50 20 
[00008220] 66020002 00 63 00 00 03 29 C0 78 
[0000822B] 00000000 00 00 00 00 03 16 00 00 
[00008237] 00000000 00 00 00 00 03 36 00 00 
[00008243] FE005311 56 55 00 00 05 45 00 A1 
[0000824F] 04000000 00 35 00 00 05 65 50 20 
[0000825A] 66020002 00 63 00 00 03 29 C0 78 
[00008266] 00000045 00 A1 04 00 00 00 00 35 
[0000827B] 00000565 50 20 66 02 00 02 00 64 
[00008287] 00000329 80 78 00 00 00 00 00 00 
[00008293] 00000316 00 00 00 00 00 00 00 00 
[0000829F] 00000336 00 00 FE 00 53 11 56 55 
[000082AA] 00000545 00 A1 04 00 00 00 00 35 
[000082B6] 00000565 50 20 66 02 00 02 00 64 
[000082C2] 00000329 80 78 00 00 00 00 00 00 
[000082CE] 00000316 00 00 00 00 00 00 00 00 
[000082DA] 00000336 00 00 FE 00 53 11 56 55 
[000082E6] 00000545 00 A1 04 00 00 00 00 35 
[000082F2] 00000565 50 20 66 02 00 02 00 63 
[00008307] 00000329 80 78 00 00 00 00 00 00 
[00008313] 00000316 00 00 00 00 00 00 00 00 
[0000831F] 00000336 00 00 FE 00 53 11 56 55 
[0000832C] 00000545 00 A1 04 00 00 00 00 35 
[00008337] 00000565 50 20 66 02 00 02 00 63 
[00008343] 00000329 80 78 00 00 00 00 00 00 
[0000834F] 00000336 00 00 FE 00 53 11 56 55 
[0000835B] 00000545 00 A1 04 00 00 00 00 35 
[00008367] 00000565 50 20 66 02 00 02 00 64 
[00008373] 00000329 62 78 00 00 00 00 00 00 
[0000837E] 00000316 00 00 00 00 00 00 00 00 
[00008394] 00000336 00 00 FE 00 53 11 56 55 
[000083A0] 00000545 00 A1 04 00 00 00 00 35 
[000083AB] 00000565 50 20 66 02 00 02 00 64 
[000083B7] 00000329 80 78 00 00 00 00 00 00 
[000083C3] 00000316 00 00 00 00 00 00 00 00 
[000083CF] 00000336 00 00 FE 00 53 11 56 55 
[000083DB] 00000545 00 A1 04 00 00 00 00 35 
[000083E7] 00000565 50 20 66 02 00 02 00 63 
[000083F2] 00000329 80 78 00 00 00 00 00 00 
[000083FE] FE005311 56 55 00 00 05 45 00 A1 
[0000840A] 04000000 00 35 00 00 05 65 50 20 
[00008416] 66020002 00 64 00 00 03 29 C0 78 
[0000842B] 00000000 00 00 00 00 03 16 00 00 
[00008437] 00000000 00 00 00 00 03 36 00 00 
[00008442] FE005311 56 55 00 00 05 45 00 A1 
[0000844E] 04000000 00 35 00 00 05 65 50 20 
[0000845A] 66020002 00 64 00 00 03 29 C0 78 
[00008466] 00000000 00 00 FE 00 53 11 56 55 
[00008472] 00000545 00 A1 04 00 00 00 00 35 
[0000847F] 00000565 50 20 66 02 00 02 00 63 
[0000848A] 00000329 80 78 00 00 00 00 00 00 
[00008496] 00000316 00 00 00 00 00 00 00 00 
[000084A2] 00000336 00 00 FE 00 53 11 56 55 
[000084B7] 00000545 00 A1 04 00 00 00 00 35 
[000084C3] 00000565 50 20 66 02 00 02 00 63 
[000084CF] 00000329 C0 78 00 00 00 00 00 00 
[000084DB] 00000316 00 00 00 00 00 00 00 00 
[000084E7] 00000336 00 00 FE 00 53 11 56 55 
[000084F3] 00000545 00 A1 04 00 00 00 00 35 
[000084FF] 00000565 50 20 66 02 00 02 00 63 
[0000850A] 00000329 C0 78 00 00 00 00 00 00 
[00008516] 00000316 00 00 00 00 00 00 00 00 
[00008522] 00000336 00 00 FE 00 53 11 56 55 
[0000852E] 00000545 00 A1 04 00 00 00 00 35 
[0000853A] 00000565 50 20 66 02 00 02 00 63 
[0000854F] 00000329 C0 78 00 00 00 00 00 00 
[0000855B] 00000316 00 00 00 00 00 00 00 00 
[00008567] 00000336 00 00 FE 00 53 11 56 55 
[00008573] 00000545 00 A1 04 00 00 00 00 35 
[0000857F] 00000565 50 20 66 02 00 02 00 63 
[0000858A] 00000329 C0 78 00 00 00 00 00 00 
[00008596] 65502066 02 00 02 00 63 00 00 03 
[000085A2] 29C07800 00 00 00 00 00 00 00 03 
[000085AE] 16000000 00 00 00 00 00 00 00 03 
[000085BA] 360000FE 00 53 11 56 55 00 00 05 
[000085C5] 4500A104 00 00 00 00 35 00 00 05 
[000085DB] 65502066 02 00 02 00 64 00 00 03 
[000085E7] 29C07800 00 00 00 00 00 00 00 06 
[000085F3] 1A5A1D82 FE BF 45 02 82 00 00 03 
[000085FE] 16000000 00 00 00 00 00 00 00 03 
[0000860A] 360000FE 00 53 11 56 55 00 00 05 
[00008616] 4500A104 00 00 00 00 35 00 00 05 
[00008621] 65502066 02 00 02 00 64 00 00 03 
[0000862D] 29C07800 00 00 00 00 00 00 00 03 
[00008639] 16000000 00 00 00 00 00 00 00 03 
[00008645] 360000FE 00 53 11 56 55 00 00 05 
[00008650] 4500A104 00 00 00 00 35 00 00 05 
[00008665] 65502066 02 00 02 00 64 00 00 03 
[00008671] 29117800 00 00 00 00 00 00 00 03 
[0000867D] 29117800 00 00 00 00 00 00 00 03 
[00008688] 16000000 00 00 00 00 00 00 00 03 
[00008694] 360000FE 00 53 11 56 55 00 00 05 
[000086A0] 4500A104 00 00 00 00 35 00 00 05 
[000086AB] 65502066 02 00 02 00 63 00 00 03 
[000086B7] 29117800 00 00 00 00 00 00 00 03 
[000086C3] 16000000 00 00 00 00 00 00 00 03 
[000086CE] 360000FE 00 53 11 56 55 00 00 05 
[000086DA] 4500A104 00 00 00 00 35 00 00 05 
[000086E6] 65502066 02 00 02 00 63 00 00 03 
[000086FB] 29117800 00 00 00 00 00 00 00 03 
[00008707] 16000000 00 00 00 00 00 00 00 03 
[00008712] 360000FE 00 53 11 56 55 00 00 05 
[0000871F] 4500A104 00 00 00 00 35 00 00 05 
[0000872B] 65502066 02 00 02 00 63 00 00 03 
[00008737] 29117800 00 00 00 00 00 00 00 03 
[00008743] 16000000 00 00 00 00 00 00 00 03 
[0000874F] 360000FE 00 53 11 56 55 00 00 05 
[0000875A] 4500A104 00 00 00 00 35 00 00 05 
[00008766] 65502066 02 00 02 00 63 00 00 03 
[00008772] 29627800 00 00 00 00 00 00 00 05 
[00008787] 65502066 02 00 02 00 63 00 00 03 
[00008793] 29807800 00 00 00 00 00 00 00 06 
[0000879F] 1A5A1D82 7E BF 45 02 82 00 00 03 
[000087AA] 16000000 00 00 00 00 00 00 00 03 
[000087B6] 360000FE 00 53 11 56 55 00 00 05 
[000087C2] 4500A104 00 00 00 00 35 00 00 05 
[000087CE] 65502066 02 00 02 00 63 00 00 03 
[000087DA] 29807800 00 00 00 00 00 66 02 00 
[000087E5] 02006300 00 03 29 11 78 00 00 00 
[000087F1] 00000000 00 03 16 00 00 00 00 00 
[000087FD] 00000000 00 03 36 00 00 FE 00 53 
[00008812] 11565500 00 05 45 00 A1 04 00 00 
[0000881E] 00003500 00 05 65 50 20 66 02 00 
[0000882A] 02006300 00 03 29 62 78 00 00 00 
[00008836] 00000000 00 03 16 00 00 00 00 00 
[00008841] 00000000 00 03 36 00 00 FE 00 53 
[0000884D] 11565500 00 05 45 00 A1 04 00 00 
[00008859] 00003500 00 05 65 50 20 66 02 00 
[00008865] 02006300 00 03 29 62 78 00 00 00 
[00008871] 00000004 00 00 00 00 35 00 00 05 
[0000887D] 65502066 02 00 02 00 64 00 00 03 
[00008889] 29117800 00 00 00 00 00 00 00 03 
[00008895] 16000000 00 00 00 00 00 00 00 03 
[000088AA] 360000FE 00 53 11 56 55 00 00 05 
[000088B6] 4500A104 00 00 00 00 35 00 00 03 
[000088C1] 29627800 00 00 00 00 00 00 00 05 
[000088CD] 65502066 02 00 02 00 64 00 00 03 
[000088D9] 16000000 00 00 00 00 00 00 00 03 
[000088E5] 360000FE 00 53 11 56 55 00 00 05 
[000088F1] 4500A104 00 00 00 00 35 00 00 05 
[000088FC] 65502066 02 00 02 00 64 00 00 03 
[00008908] 29627800 00 00 00 00 00 00 00 03 
[00008914] 16000000 00 00 00 00 00 00 00 03 
[00008920] 360000FE 00 53 11 56 55 00 00 05 
[00008935] 4500A104 00 00 00 00 35 00 00 05 
[00008940] 65502066 02 00 02 00 64 00 00 03 
[0000894C] 29627800 00 00 00 00 00 00 00 06 
[00008958] 1A5A1D82 FE BF 45 02 82 00 00 03 
[00008964] 16000000 00 00 00 00 00 00 00 03 
[00008970] 360000FE 00 53 11 56 55 00 00 05 
[0000897C] 4500A104 00 00 00 00 35 00 00 05 
[00008987] 65502066 02 00 02 00 64 00 00 03 
[00008993] 29627800 00 00 00 00 00 00 00 03 
[0000899F] 29627800 00 00 00 00 00 00 00 03 
[000089AB] 16000000 00 00 00 00 00 00 00 03 
[000089B7] 360000FE 00 53 11 56 55 00 00 05 
[000089CD] 4500A104 00 00 00 00 35 00 00 05 
[000089D9] 65502066 02 00 02 00 63 00 00 03 
[000089E4] 29807800 00 00 00 00 00 00 00 03 
[000089F0] 16000000 00 00 00 00 00 00 00 03 
[000089FC] 360000FE 00 53 11 56 55 00 00 05 
[00008A08] 4500A104 00 00 00 00 35 00 00 05 
[00008A14] 65502066 02 00 02 00 64 00 00 03 
[00008A1F] 29807800 00 00 00 00 00 00 00 03 
[00008A2B] 16000000 00 00 00 00 00 00 00 03 
[00008A37] 360000FE 00 53 11 56 55 00 00 05 
[00008A43] 4500A104 00 00 00 00 35 00 00 05 
[00008A58] 65502066 02 00 02 00 64 00 00 03 
[00008A63] 29807800 00 00 00 00 00 00 00 03 
[00008A6F] 16000000 00 00 00 00 00 00 00 03 
[00008A7B] 360000FE 00 53 11 56 55 00 00 05 
[00008A86] 4500A104 00 00 00 00 35 00 00 05 
[00008A92] 65502066 02 00 02 00 64 00 00 03 
[00008A9E] 29807800 00 00 00 00 00 00 00 05 
[00008AA9] 65502066 02 00 02 00 64 00 00 03 
[00008AB5] 29117800 00 00 00 00 00 00 00 03 
[00008AC1] 16000000 00 00 00 00 00 00 00 03 
[00008ACC] 360000FE 00 53 11 56 55 00 00 05 
[00008AE1] 4500A104 00 00 00 00 35 00 00 05 
[00008AED] 65502066 02 00 02 00 63 00 00 03 
[00008AF9] 29117800 00 00 00 00 00 00 00 06 
[00008B06] 1A5A1D82 7E BF 45 02 82 00 00 03 
[00008B11] 16000000 00 00 00 00 00 00 00 03 
[00008B1D] 360000FE 00 53 11 56 55 FE 00 53 
[00008B29] 11565500 00 05 45 00 A1 04 00 00 
[00008B34] 00003500 00 05 65 50 20 66 02 00 
[00008B40] 02006400 00 03 29 80 78 00 00 00 
[00008B4C] 00000000 00 03 16 00 00 00 00 00 
[00008B57] 00000000 00 03 36 00 00 FE 00 53 
[00008B63] 11565500 00 05 45 00 A1 04 00 00 
[00008B78] 00003500 00 05 65 50 20 66 02 00 
[00008B84] 02006300 00 03 29 80 78 00 00 00 
[00008B90] 00000000 00 03 29 62 78 00 00 00 
[00008B9B] 00000000 00 03 16 00 00 00 00 00 
[00008BA7] 00000000 00 03 36 00 00 FE 00 53 
[00008BB3] 11565500 00 05 45 00 A1 04 00 00 
[00008BBF] 00003500 00 05 65 50 20 66 02 00 
[00008BCB] 02006300 00 03 29 62 78 00 00 00 
[00008BD6] 00000000 00 03 16 00 00 00 00 00 
[00008BE2] 00000000 00 03 36 00 00 FE 00 53 
[00008BEE] 11565500 00 05 45 00 A1 04 00 00 
[00008C03] 00003500 00 05 65 50 20 66 02 00 
[00008C0F] 02006300 00 03 29 62 78 00 00 00 
[00008C1B] 00000000 00 03 16 00 00 00 00 00 
[00008C26] 00000000 00 03 36 00 00 FE 00 53 
[00008C32] 11565500 00 05 45 00 A1 04 00 00 
[00008C3E] 00003500 00 05 65 50 20 66 02 00 
[00008C4A] 02006300 00 03 29 80 78 00 00 00 
[00008C57] 000000FE 00 53 11 56 55 00 00 05 
[00008C63] 4500A104 00 00 00 00 35 00 00 05 
[00008C6F] 65502066 02 00 02 00 63 00 00 03 
[00008C7A] 29807800 00 00 00 00 00 00 00 03 
[00008C85] 16000000 00 00 00 00 00 00 00 03 
[00008C98] 360000FE 00 53 11 56 55 00 00 05 
[00008CA4] 4500A104 00 00 00 00 35 00 00 05 
[00008CAF] 65502066 02 00 02 00 63 00 00 03 
[00008CBB] 29C07800 00 00 00 00 00 00 00 06 
[00008CC7] 1A5A1D82 FE BF 45 02 82 FE 00 53 
[00008CD3] 11565500 00 05 45 00 A1 04 00 00 
[00008CDE] 00003500 00 05 65 50 20 66 02 00 
[00008CEA] 02006300 00 03 29 80 78 00 00 00 
[00008CF6] 00000000 00 03 16 00 00 00 00 00 
[00008D02] 00000000 00 03 36 00 00 FE 00 53 
[00008D0E] 11565500 00 05 45 00 A1 04 00 00 
[00008D23] 00003500 00 05 65 50 20 66 02 00 
[00008D2F] 02006300 00 03 29 80 78 00 00 00 
[00008D3A] 00000000 00 03 16 00 00 00 00 00 
[00008D46] 00000000 00 03 36 00 00 FE 00 53 
[00008D52] 11565500 00 05 45 00 A1 04 00 00 
[00008D5E] 00003500 00 05 65 50 20 66 02 00 
[00008D69] 02006300 00 03 29 C0 78 00 00 00 
[00008D75] 00000000 00 00 00 00 03 36 00 00 
[00008D81] FE005311 56 55 00 00 05 45 00 A1 
[00008D8D] 04000000 00 35 00 00 05 65 50 20 
[00008D99] 66020002 00 64 00 00 03 29 C0 78 
[00008DAF] 00000000 00 00 45 00 A1 04 00 00 
[00008DBB] 00003500 00 05 65 50 20 66 02 00 
[00008DC7] 02006300 00 03 29 C0 78 00 00 00 
[00008DD2] 00000000 00 03 16 00 00 00 00 00 
[00008DDE] 00000000 00 03 36 00 00 FE 00 53 
[00008DEA] 11565500 00 05 45 00 A1 04 00 00 
[00008DF6] 00003500 00 05 65 50 20 66 02 00 
[00008E02] 02006400 00 03 29 C0 78 00 00 00 
[00008E0D] 00000000 00 03 16 00 00 00 00 00 
[00008E19] 00000000 00 03 36 00 00 FE 00 53 
[00008E25] 11565500 00 05 45 00 A1 04 00 00 
[00008E31] 00003500 00 05 65 50 20 66 02 00 
[00008E46] 02006400 00 03 29 C0 78 00 00 00 
[00008E52] 00000000 00 03 16 00 00 00 00 00 
[00008E5E] 00000000 00 03 36 00 00 FE 00 53 
[00008E6A] 11565500 00 05 45 00 A1 04 00 00 
[00008E75] 00003500 00 05 65 50 20 66 02 00 
[00008E81] 02006400 00 03 29 11 78 00 00 00 
[00008E8D] 00000000 00 03 16 00 00 00 00 00 
[00008E99] 00000000 00 03 36 00 00 FE 00 53 
[00008EA5] 11565500 00 05 45 00 A1 04 00 00 
[00008EB1] 00003500 00 05 65 50 20 66 02 00 
[00008EBC] 02006300 00 03 29 11 78 00 00 00 
[00008ED1] 00000000 00 03 16 00 00 00 00 00 
[00008EDD] 00000000 00 03 36 00 00 FE 00 53 
[00008EE9] 11565500 00 05 45 00 A1 04 00 00 
[00008EF6] 00003500 00 05 65 50 20 66 02 00 
[00008F01] 02006400 00 03 29 C0 78 00 00 00 
[00008F0D] 00000000 00 03 16 00 00 00 00 00 
[00008F19] 00000000 00 03 36 00 00 FE 00 53 
[00008F25] 11565500 00 05 45 00 A1 04 00 00 
[00008F30] 00003500 00 05 65 50 20 66 02 00 
[00008F3C] 02006400 00 03 29 C0 78 00 00 00 
[00008F48] 00000000 00 03 16 00 00 00 00 00 
[00008F5D] 00000000 00 03 36 00 00 FE 00 53 
[00008F68] 11565500 00 05 45 00 A1 04 00 00 
[00008F74] 00003500 00 05 65 50 20 66 02 00 
[00008F80] 02006400 00 03 29 C0 78 00 00 00 
[00008F8C] 000000FE 00 53 11 56 55 00 00 05 
[00008F97] 4500A104 00 00 00 00 35 00 00 05 
[00008FA3] 65502066 02 00 02 00 63 00 00 03 
[00008FAF] 29117800 00 00 00 00 00 36 00 00 
[00008FBA] FE005311 56 55 00 00 05 45 00 A1 
[00008FC6] 04000000 00 35 00 00 05 65 50 20 
[00008FD2] 66020002 00 64 00 00 03 29 11 78 
[00008FDD] 00000000 00 00 00 00 03 16 00 00 
[00008FF2] 00000000 00 00 00 00 03 36 00 00 
[00008FFE] FE005311 56 55 00 00 05 45 00 A1 
[0000900A] 04000000 00 35 00 00 05 65 50 20 
[00009016] 66020002 00 64 00 00 03 29 11 78 
[00009021] 00000000 00 00 00 00 03 16 00 00 
[0000902D] 00000000 00 00 00 00 03 36 00 00 
[00009039] FE005311 56 55 00 00 05 45 00 A1 
[00009046] 04000000 00 35 00 00 05 65 50 20 
[00009052] 66020002 00 63 00 00 03 29 11 78 
[0000905E] 00000000 00 00 00 00 03 16 00 00 
[00009069] 00000000 00 00 00 00 03 36 00 00 
[0000907F] FE005311 56 55 00 00 05 45 00 A1 
[0000908A] 04000000 00 35 00 00 05 65 50 20 
[00009096] 66020002 00 63 00 00 03 29 11 78 
[000090A2] 00000000 00 00 00 00 03 16 00 00 
[000090AE] 00000000 00 00 00 00 03 36 00 00 
[000090BA] FE005311 56 55 00 00 05 45 00 A1 
[000090C6] 04000000 00 35 00 00 05 65 50 20 
[000090D1] 66020002 00 63 00 00 03 29 62 78 
[000090DD] 00000000 00 00 65 50 20 66 02 00 
[000090E9] 02006300 00 03 29 62 78 00 00 00 
[000090F5] 00000000 00 03 16 00 00 00 00 00 
[00009101] 00000000 00 03 36 00 00 FE 00 53 
[00009116] 11565500 00 05 45 00 A1 04 00 00 
[00009121] 00003500 00 05 65 50 20 66 02 00 
[0000912D] 02006400 00 03 29 62 78 00 00 00 
[00009139] 00000000 00 03 16 00 00 00 00 00 
[00009145] 00000000 00 03 36 00 00 FE 00 53 
[00009151] 11565500 00 05 45 00 A1 04 00 00 
[0000915C] 00003500 00 05 65 50 20 66 02 00 
[00009168] 02006400 00 03 29 62 78 00 00 00 
[00009174] 00000000 00 03 16 00 00 00 00 00 
[00009180] 00000000 00 03 36 00 00 FE 00 53 
[0000918C] 11565500 00 05 45 00 A1 04 00 00 
[000091A2] 00003500 00 05 65 50 20 66 02 00 
[000091AE] 02006400 00 03 29 62 78 00 00 00 
[000091BA] 00000000 00 03 16 00 00 00 00 00 
[000091C5] 00000000 00 03 36 00 00 FE 00 53 
[000091D1] 11565500 00 05 45 00 A1 04 00 00 
[000091DD] 00003500 00 05 65 50 20 66 02 00 
[000091E9] 02006400 00 03 29 62 78 00 00 00 
[000091F5] 00000016 00 00 00 00 00 00 00 00 
[00009200] 00000336 00 00 FE 00 53 11 56 55 
[0000920C] 00000545 00 A1 04 00 00 00 00 35 
[00009218] 00000565 50 20 66 02 00 02 00 64 
[0000922D] 00000329 11 78 00 00 00 00 00 00 
[00009239] 00000316 00 00 00 00 00 00 00 00 
[00009245] 00000336 00 00 FE 00 53 11 56 55 
[00009251] 00000545 00 A1 04 00 00 00 00 35 
[0000925D] 00000565 50 20 66 02 00 02 00 64 
[00009268] 00000329 11 78 00 00 00 00 00 00 
[00009274] 00000316 00 00 00 00 00 00 00 00 
[00009280] 00000336 00 00 FE 00 53 11 56 55 
[0000928C] 00000545 00 A1 04 00 00 00 00 35 
[00009298] 00000565 50 20 66 02 00 02 00 63 
[000092A4] 00000329 11 78 00 00 00 00 00 00 
[000092AF] 4500A104 00 00 00 00 35 00 00 05 
[000092C5] 65502066 02 00 02 00 64 00 00 03 
[000092D0] 29627800 00 00 00 00 00 00 00 03 
[000092DD] 16000000 00 00 00 00 00 00 00 03 
[000092E9] 360000FE 00 53 11 56 55 00 00 05 
[000092F5] 4500A104 00 00 00 00 35 00 00 05 
[00009300] 65502066 02 00 02 00 64 00 00 03 
[0000930C] 29807800 00 00 00 00 00 00 00 05 
[00009318] 65502066 02 00 02 00 63 00 00 03 
[00009324] 29807800 00 00 00 00 00 00 00 03 
[00009330] 16000000 00 00 00 00 00 00 00 03 
[0000933B] 360000FE 00 53 11 56 55 00 00 05 
[00009350] 4500A104 00 00 00 00 35 00 00 05 
[0000935C] 65502066 02 00 02 00 63 00 00 03 
[00009368] 29807800 00 00 00 00 00 00 00 03 
[00009373] 16000000 00 00 00 00 00 00 00 03 
[0000937F] 360000FE 00 53 11 56 55 00 00 05 
[0000938B] 4500A104 00 00 00 00 35 00 00 05 
[00009397] 65502066 02 00 02 00 63 00 00 03 
[000093A2] 29807800 00 00 00 00 00 00 00 03 
[000093AE] 16000000 00 00 00 00 00 00 00 03 
[000093BA] 360000FE 00 53 11 56 55 00 00 05 
[000093C5] 4500A104 00 00 00 00 35 00 00 05 
[000093DA] 65502066 02 00 02 00 63 00 00 03 
[000093E6] 29807800 00 00 00 00 00 02 00 64 
[000093F2] 00000329 11 78 00 00 00 00 00 00 
[000093FD] 00000316 00 00 00 00 00 00 00 00 
[00009409] 00000336 00 00 FE 00 53 11 56 55 
[00009415] 00000545 00 A1 04 00 00 00 00 35 
[00009421] 00000565 50 20 66 02 00 02 00 64 
[0000942C] 00000329 11 78 00 00 00 00 00 00 
[00009439] 00000316 00 00 00 00 00 00 00 00 
[00009445] 00000336 00 00 FE 00 53 11 56 55 
[00009451] 00000545 00 A1 04 00 00 00 00 35 
[0000945C] 00000565 50 20 66 02 00 02 00 64 
[00009471] 00000329 62 78 00 00 00 00 00 00 
[0000947D] 00000316 00 00 00 00 00 00 00 00 
[00009489] 00000336 00 00 FE 00 53 11 56 55 
[00009495] 00000545 00 A1 04 00 00 00 00 35 
[000094A1] 00000565 50 20 66 02 00 02 00 64 
[000094AD] 00000329 62 78 00 00 00 00 00 00 
[000094B8] 00000565 50 20 66 02 00 02 00 64 
[000094C4] 00000329 80 78 00 00 00 00 00 00 
[000094D0] 00000316 00 00 00 00 00 00 00 00 
[000094DC] 00000336 00 00 FE 00 53 11 56 55 
[000094E8] 00000545 00 A1 04 00 00 00 00 35 
[000094FD] 00000565 50 20 66 02 00 02 00 64 
[00009509] 00000329 80 78 00 00 00 00 00 00 
[00009515] 00000316 00 00 00 00 00 00 00 00 
[00009521] 00000336 00 00 FE 00 53 11 56 55 
[0000952D] 00000545 00 A1 04 00 00 00 00 35 
[00009538] 00000329 C0 78 16 00 00 00 00 00 
[00009544] 00000000 00 03 36 00 00 FE 00 53 
[00009550] 11565500 00 05 45 00 A1 04 00 00 
[0000955C] 00003500 00 05 65 50 20 66 02 00 
[00009568] 02006400 00 03 29 80 78 00 00 00 
[00009573] 00000000 00 03 16 00 00 00 00 00 
[0000957F] 00000000 00 03 36 00 00 FE 00 53 
[00009596] 11565500 00 05 45 00 A1 04 00 00 
[000095A1] 00003500 00 05 65 50 20 66 02 00 
[000095AD] 02006400 00 03 29 80 78 00 00 00 
[000095B9] 00000000 00 03 16 00 00 00 00 00 
[000095C5] 00000000 00 03 36 00 00 FE 00 53 
[000095D1] 11565500 00 05 45 00 A1 04 00 00 
[000095DC] 00003500 00 05 65 50 20 66 02 00 
[000095E8] 02006400 00 03 29 80 78 00 00 00 
[000095F4] 00000000 00 00 00 00 03 36 00 00 
[00009600] FE005311 56 55 00 00 05 45 00 A1 
[0000960C] 04000000 00 35 00 00 05 65 50 20 
[00009621] 66020002 00 63 00 00 03 29 C0 78 
[0000962C] 00000000 00 00 00 00 03 16 00 00 
[00009638] 00000000 00 00 00 00 03 36 00 00 
[00009644] FE005311 56 55 00 00 05 45 00 A1 
[00009650] 04000000 00 35 00 00 05 65 50 20 
[0000965B] 66020002 00 63 00 00 03 29 C0 78 
[00009667] 00000000 00 00 00 00 03 29 C0 78 
[00009673] 00000000 00 00 00 00 03 16 00 00 
[0000967F] 00000000 00 00 00 00 03 36 00 00 
[0000968B] FE005311 56 55 00 00 05 45 00 A1 
[00009696] 04000000 00 35 00 00 05 65 50 20 
[000096AB] 66020002 00 64 00 00 03 29 C0 78 
[000096B7] 00000000 00 00 00 00 03 16 00 00 
[000096C3] 00000000 00 00 00 00 03 36 00 00 
[000096D0] FE005311 56 55 00 00 05 45 00 A1 
[000096DC] 04000000 00 35 00 00 05 65 50 20 
[000096E8] 66020002 00 64 00 00 03 29 11 78 
[000096F3] 00000000 00 00 00 00 03 16 00 00 
[000096FF] 00000000 00 00 00 00 03 36 00 00 
[0000970B] FE005311 56 55 00 00 05 45 00 A1 
[00009717] 04000000 00 35 00 00 05 65 50 20 
[00009723] 66020002 00 63 00 00 03 29 11 78 
[0000972E] 00000000 00 00 16 00 00 00 00 00 
[00009744] 00000000 00 03 36 00 00 FE 00 53 
[00009750] 11565500 00 05 45 00 A1 04 00 00 
[00009760] 00003500 00 05 65 50 20 66 02 00 
[0000976B] 02006300 00 03 29 80 78 00 00 00 
[00009777] 00000000 00 03 16 00 00 00 00 00 
[00009783] 00000000 00 03 36 00 00 FE 00 53 
[0000978F] 11565500 00 05 45 00 A1 04 00 00 
[0000979B] 00003500 00 05 65 50 20 66 02 00 
[000097A7] 02006300 00 03 29 C0 78 00 00 00 
[000097B2] 00000000 00 03 16 00 00 00 00 00 
[000097BE] 00000000 00 03 36 00 00 FE 00 53 
[000097D3] 11565500 00 05 45 00 A1 04 00 00 
[000097DF] 00003500 00 05 65 50 20 66 02 00 
[000097EB] 02006400 00 03 29 C0 78 00 00 00 
[000097F7] 00000045 00 A1 04 00 00 00 00 35 
[00009802] 00000565 50 20 66 02 00 02 00 64 
[0000980E] 00000329 11 78 00 00 00 00 00 00 
[0000981A] 00000316 00 00 00 00 00 00 00 00 
[00009827] 00000336 00 00 FE 00 53 11 56 55 
[00009832] 00000545 00 A1 04 00 00 00 00 35 
[0000983E] 00000565 50 20 66 02 00 02 00 64 
[0000984A] 00000329 11 78 00 00 00 00 00 00 
[0000985F] 65502066 02 00 02 00 64 00 00 03 
[0000986B] 29117800 00 00 00 00 00 00 00 03 
[00009876] 16000000 00 00 00 00 00 00 00 03 
[00009882] 360000FE 00 53 11 56 55 00 00 05 
[0000988E] 4500A104 00 00 00 00 35 00 00 05 
[00009899] 65502066 02 00 02 00 63 00 00 03 
[000098A5] 29117800 00 00 00 00 00 00 00 03 
[000098B1] 16000000 00 00 00 00 00 00 00 03 
[000098BC] 360000FE 00 53 11 56 55 00 00 05 
[000098C8] 4500A104 00 00 00 00 35 00 00 05 
[000098D4] 65502066 02 00 02 00 63 00 00 03 
[000098DF] 29117800 00 00 00 00 00 00 00 03 
[000098F4] 16000000 00 00 00 00 00 00 00 03 
[00009900] 360000FE 00 53 11 56 55 00 00 05 
[0000990C] 4500A104 00 00 00 00 35 00 00 05 
[00009918] 65502066 02 00 02 00 63 00 00 03 
[00009924] 29627800 00 00 00 00 00 00 00 03 
[0000992F] 16000000 00 00 00 00 00 00 00 03 
[0000993B] 360000FE 00 53 11 56 55 00 00 05 
[00009947] 4500A104 00 00 00 00 35 00 00 05 
[00009953] 65502066 02 00 02 00 63 00 00 03 
[0000995F] 29627800 00 00 00 00 00 00 00 03 
[0000996A] 360000FE 00 53 11 56 55 00 00 05 
[00009981] 4500A104 00 00 00 00 35 00 00 05 
[0000998C] 65502066 02 00 02 00 63 00 00 03 
[00009998] 29117800 00 00 00 00 00 00 00 03 
[000099A4] 16000000 00 00 00 00 00 00 00 03 
[000099B0] 360000FE 00 53 11 56 55 00 00 05 
[000099BC] 4500A104 00 00 00 00 35 00 00 05 
[000099C7] 65502066 02 00 02 00 63 00 00 03 
[000099D3] 29117800 00 00 00 00 00 00 00 03 
[000099DF] 16000000 00 00 00 00 00 00 00 03 
[000099EB] 360000FE 00 53 11 56 55 00 00 05 
[000099F7] 4500A104 00 00 00 00 35 00 00 05 
[00009A02] 65502066 02 00 02 00 63 00 00 03 
[00009A18] 29117800 00 00 00 00 00 FE 00 53 
[00009A24] 11565500 00 05 45 00 A1 04 00 00 
[00009A2F] 00003500 00 05 65 50 20 66 02 00 
[00009A3C] 02006300 00 03 29 62 78 00 00 00 
[00009A48] 00000000 00 03 16 00 00 00 00 00 
[00009A54] 00000000 00 03 36 00 00 FE 00 53 
[00009A60] 11565500 00 05 45 00 A1 04 00 00 
[00009A6C] 00003500 00 05 65 50 20 66 02 00 
[00009A77] 02006300 00 03 29 62 78 00 00 00 
[00009A83] 00000004 00 00 00 00 35 00 00 05 
[00009A8F] 65502066 02 00 02 00 63 00 00 03 
[00009AA4] 29627800 00 00 00 00 00 00 00 03 
[00009AB0] 16000000 00 00 00 00 00 00 00 03 
[00009ABD] 360000FE 00 53 11 56 55 00 00 05 
[00009AC8] 4500A104 00 00 00 00 35 00 00 05 
[00009AD4] 65502066 02 00 02 00 63 00 00 03 
[00009AE0] 29627800 00 00 00 00 00 00 00 03 
[00009AEC] 16000000 00 00 00 00 00 00 00 03 
[00009AF7] 360000FE 00 53 11 56 55 00 00 05 
[00009B03] 4500A104 00 00 00 00 35 00 00 05 
[00009B0F] 65502066 02 00 02 00 63 00 00 03 
[00009B1B] 29627800 00 00 00 00 00 00 00 03 
[00009B30] 16000000 00 00 00 00 00 00 00 03 
[00009B3C] 360000FE 00 53 11 56 55 00 00 05 
[00009B48] 4500A104 00 00 00 00 35 00 00 05 
[00009B54] 65502066 02 00 02 00 64 00 00 03 
[00009B5F] 29627800 00 00 00 00 00 45 00 A1 
[00009B6B] 04000000 00 35 00 00 05 65 50 20 
[00009B77] 66020002 00 64 00 00 03 29 62 78 
[00009B83] 00000000 00 00 00 00 03 16 00 00 
[00009B8F] 00000000 00 00 00 00 03 36 00 00 
[00009B9B] FE005311 56 55 00 00 05 45 00 A1 
[00009BA6] 04000000 00 35 00 00 05 65 50 20 
[00009BB2] 66020002 00 64 00 00 03 29 62 78 
[00009BC7] 00000000 00 00 00 00 03 16 00 00 
[00009BD3] 00000000 00 00 00 00 03 36 00 00 
[00009BDF] FE005311 56 55 00 00 05 45 00 A1 
[00009BEB] 04000000 00 35 00 00 05 65 50 20 
[00009BF7] 66020002 00 64 00 00 03 29 80 78 
[00009C03] 00000000 00 00 00 00 03 16 00 00 
[00009C10] 00000000 00 00 00 00 03 36 00 00 
[00009C1C] FE005311 56 55 00 00 05 45 00 A1 
[00009C27] 04000000 00 35 00 00 05 65 50 20 
[00009C33] 66020002 00 63 00 00 03 29 80 78 
[00009C3F] 00000000 00 00 00 00 03 16 00 00 
[00009C54] 00000000 00 00 00 00 03 36 00 00 
[00009C60] FE005311 56 55 00 00 05 45 00 A1 
[00009C6B] 04000000 00 35 00 00 05 65 50 20 
[00009C77] 66020002 00 63 00 00 03 29 80 78 
[00009C83] 00000000 00 00 00 00 03 16 00 00 
[00009C8E] 00000000 00 00 00 00 03 36 00 00 
[00009C9A] FE005311 56 55 00 00 05 45 00 A1 
[00009CA6] 04000000 00 35 00 00 05 65 50 20 
[00009CB1] 66020002 00 63 00 00 03 29 80 78 
[00009CBD] 00000000 00 00 65 50 20 66 02 00 
[00009CC9] 02006400 00 03 29 80 78 00 00 00 
[00009CDE] 00000000 00 03 16 00 00 00 00 00 
[00009CEA] 00000000 00 03 36 00 00 FE 00 53 
[00009CF5] 11565500 00 05 45 00 A1 04 00 00 
[00009D01] 00003500 00 05 65 50 20 66 02 00 
[00009D0D] 02006300 00 03 29 80 78 00 00 00 
[00009D18] 00000000 00 03 16 00 00 00 00 00 
[00009D24] 00000000 00 03 36 00 00 FE 00 53 
[00009D30] 11565500 00 05 45 00 A1 04 00 00 
[00009D3C] 00003500 00 05 65 50 20 66 02 00 
[00009D47] 02006300 00 03 29 80 78 00 00 00 
[00009D53] 00000000 00 03 16 00 00 00 00 00 
[00009D5F] 00000000 00 03 36 00 00 FE 00 53 
[00009D75] 11565500 00 05 45 00 A1 04 00 00 
[00009D80] 00003500 00 05 65 50 20 66 02 00 
[00009D8C] 02006300 00 03 29 C0 78 00 00 00 
[00009D98] 00000000 00 03 16 00 00 00 00 00 
[00009DA4] 00000000 00 03 36 00 00 FE 00 53 
[00009DB0] 11565500 00 05 45 00 A1 04 00 00 
[00009DBC] 00003500 00 05 65 50 20 66 02 00 
[00009DC7] 02006400 00 03 29 C0 78 00 00 00 
[00009DD3] 00000065 50 20 66 02 00 02 00 64 
[00009DDF] 00000329 C0 78 00 00 00 00 00 00 
[00009DEB] 00000316 00 00 00 00 00 00 00 00 
[00009E00] 00000336 00 00 FE 00 53 11 56 55 
[00009E0C] 00000545 00 A1 04 00 00 00 00 35 
[00009E18] 00000565 50 20 66 02 00 02 00 64 
[00009E24] 00000329 C0 78 00 00 00 00 00 00 
[00009E30] 00000316 00 00 00 00 00 00 00 00 
[00009E3C] 00000336 00 00 FE 00 53 11 56 55 
[00009E48] 00000545 00 A1 04 00 00 00 00 35 
[00009E53] 00000565 50 20 66 02 00 02 00 64 
[00009E5F] 00000329 C0 78 00 00 00 00 00 00 
[00009E6B] 00000316 00 00 00 00 00 00 00 00 
[00009E77] 00000336 00 00 FE 00 53 11 56 55 
[00009E83] 00000545 00 A1 04 00 00 00 00 35 
[00009E98] 00000565 50 20 66 02 00 02 00 64 
[00009EA4] 00000329 C0 78 00 00 00 00 00 00 
[00009EB1] 00000336 00 00 FE 00 53 11 56 55 
[00009EBD] 00000545 00 A1 04 00 00 00 00 35 
[00009EC9] 00000565 50 20 66 02 00 02 00 64 
[00009ED4] 00000329 80 78 00 00 00 00 00 00 
[00009EE0] 00000316 00 00 00 00 00 00 00 00 
[00009EEC] 00000336 00 00 FE 00 53 11 56 55 
[00009EF8] 00000545 00 A1 04 00 00 00 00 35 
[00009F04] 00000565 50 20 66 02 00 02 00 64 
[00009F10] 00000329 80 78 00 00 00 00 00 00 
[00009F25] 00000316 00 00 00 00 00 00 00 00 
[00009F31] 00000336 00 00 FE 00 53 11 56 55 
[00009F3D] 00000545 00 A1 04 00 00 00 00 35 
[00009F48] 00000565 50 20 66 02 00 02 00 64 
[00009F54] 00000329 C0 78 00 00 00 00 00 00 
[00009F60] FE005311 56 55 00 00 05 45 00 A1 
[00009F6C] 04000000 00 35 00 00 05 65 50 20 
[00009F78] 66020002 00 63 00 00 03 29 C0 78 
[00009F83] 00000000 00 00 FE 00 53 11 56 55 
[00009F8F] 00000545 00 A1 04 00 00 00 00 35 
[00009F9B] 00000565 50 20 66 02 00 02 00 63 
[00009FB0] 00000329 C0 78 00 00 00 00 00 00 
[00009FBC] 00000316 00 00 00 00 00 00 00 00 
[00009FC8] 00000336 00 00 FE 00 53 11 56 55 
[00009FD4] 00000545 00 A1 04 00 00 00 00 35 
[00009FE0] 00000565 50 20 66 02 00 02 00 63 
[00009FEB] 00000329 C0 78 00 00 00 00 00 00 
[00009FF7] 00000316 00 00 00 00 00 00 00 00 
[0000A004] 00000336 00 00 FE 00 53 11 56 55 
[0000A010] 00000545 00 A1 04 00 00 00 00 35 
[0000A01C] 00000565 50 20 66 02 00 02 00 63 
[0000A028] 00000329 C0 78 00 00 00 00 00 00 
[0000A033] 00000316 00 00 00 00 00 00 00 00 
[0000A049] 00000336 00 00 FE 00 53 11 56 55 
[0000A055] 00000545 00 A1 04 00 00 00 00 35 
[0000A061] 00000565 50 20 66 02 00 02 00 63 
[0000A06C] 00000329 11 78 00 00 00 00 00 00 
[0000A078] 00000000 00 03 36 00 00 FE 00 53 
[0000A084] 11565500 00 05 45 00 A1 04 00 00 
[0000A090] 00003500 00 05 65 50 20 66 02 00 
[0000A09C] 02006400 00 03 29 11 78 00 00 00 
[0000A0A8] 00000004 00 00 00 00 35 00 00 05 
[0000A0B4] 65502066 02 00 02 00 64 00 00 03 
[0000A0BF] 29117800 00 00 00 00 00 00 00 03 
[0000A0D4] 16000000 00 00 00 00 00 00 00 03 
[0000A0E0] 360000FE 00 53 11 56 55 00 00 05 
[0000A0EC] 4500A104 00 00 00 00 35 00 00 05 
[0000A0F8] 65502066 02 00 02 00 64 00 00 03 
[0000A103] 29117800 00 00 00 00 00 00 00 03 
[0000A10F] 16000000 00 00 00 00 00 00 00 03 
[0000A11B] 360000FE 00 53 11 56 55 00 00 05 
[0000A126] 4500A104 00 00 00 00 35 00 00 05 
[0000A132] 65502066 02 00 02 00 64 00 00 03 
[0000A13E] 29117800 00 00 00 00 00 00 00 03 
[0000A149] 16000000 00 00 00 00 00 00 00 03 
[0000A160] 360000FE 00 53 11 56 55 00 00 05 
[0000A16B] 4500A104 00 00 00 00 35 00 00 05 
[0000A177] 65502066 02 00 02 00 64 00 00 03 
[0000A183] 29117800 00 00 00 00 00 00 00 03 
[0000A18E] 16000000 00 00 00 00 00 00 00 03 
[0000A19A] 360000FE 00 53 11 56 55 00 00 05 
[0000A1A6] 4500A104 00 00 00 00 35 00 00 05 
[0000A1B2] 65502066 02 00 02 00 64 00 00 03 
[0000A1BD] 29117800 00 00 00 00 00 00 00 03 
[0000A1C9] 16000000 00 00 00 00 00 00 00 03 
[0000A1D5] 360000FE 00 53 11 56 55 00 00 05 
[0000A1E0] 4500A104 00 00 00 00 35 00 00 05 
[0000A1F5] 65502066 02 00 02 00 64 00 00 03 
[0000A201] 29627800 00 00 00 00 00 65 50 20 
[0000A20D] 66020002 00 63 00 00 03 29 62 78 
[0000A219] 00000000 00 00 00 00 03 16 00 00 
[0000A225] 00000000 00 00 00 00 03 36 00 00 
[0000A230] FE005311 56 55 00 00 05 45 00 A1 
[0000A23C] 04000000 00 35 00 00 05 65 50 20 
[0000A248] 66020002 00 64 00 00 03 29 62 78 
[0000A254] 00000000 00 00 00 00 03 16 00 00 
[0000A260] 00000000 00 00 00 00 03 36 00 00 
[0000A26C] FE005311 56 55 00 00 05 45 00 A1 
[0000A281] 04000000 00 35 00 00 05 65 50 20 
[0000A28D] 66020002 00 64 00 00 03 29 62 78 
[0000A29A] 00000000 00 00 00 00 03 16 00 00 
[0000A2A5] 00000000 00 00 00 00 03 36 00 00 
[0000A2B1] FE005311 56 55 00 00 05 45 00 A1 
[0000A2BD] 04000000 00 35 00 00 05 65 50 20 
[0000A2C9] 66020002 00 64 00 00 03 29 62 78 
[0000A2D5] 00000000 00 00 65 50 20 66 02 00 
[0000A2E1] 02006300 00 03 29 62 78 00 00 00 
[0000A2EC] 00000000 00 03 16 00 00 00 00 00 
[0000A2F8] 00000000 00 03 36 00 00 FE 00 53 
[0000A304] 11565500 00 05 45 00 A1 04 00 00 
[0000A319] 00003500 00 05 65 50 20 66 02 00 
[0000A325] 02006300 00 03 29 62 78 00 00 00 
[0000A331] 00000000 00 06 1F FF 3F 00 00 00 
[0000A33D] 00000000 00 03 16 00 00 00 00 00 
[0000A349] 00000000 00 03 36 00 00 FE 00 53 
[0000A354] 11565500 00 05 45 00 A1 04 00 00 
[0000A360] 00003500 00 05 65 50 20 66 02 00 
[0000A36C] 02006300 00 03 29 62 78 00 00 00 
[0000A378] 00000000 00 03 16 00 00 00 00 00 
[0000A384] 00000000 00 03 36 00 00 FE 00 53 
[0000A38F] 11565500 00 05 45 00 A1 04 00 00 
[0000A3A5] 00003500 00 05 65 50 20 66 02 00 
[0000A3B0] 02006300 00 03 29 80 78 00 00 00 
[0000A3BC] 00000000 00 03 16 00 00 00 00 00 
[0000A3C8] 00000000 00 03 36 00 00 FE 00 53 
[0000A3D4] 11565500 00 05 45 00 A1 04 00 00 
[0000A3E0] 00003500 00 05 65 50 20 66 02 00 
[0000A3EC] 02006400 00 03 29 80 78 00 00 00 
[0000A3F8] 00000000 00 03 29 80 78 00 00 00 
[0000A404] 00000000 00 03 16 00 00 00 00 00 
[0000A410] 00000000 00 03 36 00 00 FE 00 53 
[0000A41B] 11565500 00 05 45 00 A1 04 00 00 
[0000A431] 00003500 00 05 65 50 20 66 02 00 
[0000A43C] 02006400 00 03 29 80 78 00 00 00 
[0000A448] 00000000 00 03 16 00 00 00 00 00 
[0000A454] 00000000 00 03 36 00 00 FE 00 53 
[0000A460] 11565500 00 05 45 00 A1 04 00 00 
[0000A46C] 00003500 00 05 65 50 20 66 02 00 
[0000A478] 02006400 00 03 29 80 78 00 00 00 
[0000A483] 00000000 00 03 16 00 00 00 00 00 
[0000A48F] 00000000 00 03 36 00 00 FE 00 53 
[0000A49B] 11565500 00 05 45 00 A1 04 00 00 
[0000A4A7] 00003500 00 05 65 50 20 66 02 00 
[0000A4B3] 02006400 00 03 29 C0 78 00 00 00 
[0000A4C8] 00000000 00 03 16 00 00 00 00 00 
[0000A4D4] 00000000 00 03 36 00 00 FE 00 53 
[0000A4E0] 11565500 00 05 45 00 A1 04 00 00 
[0000A4EB] 00003500 00 05 65 50 20 66 02 00 
[0000A4F7] 02006300 00 03 29 C0 78 00 00 00 
[0000A503] 00000000 00 00 00 00 03 36 00 00 
[0000A50F] FE005311 56 55 00 00 05 45 00 A1 
[0000A51B] 04000000 00 35 00 00 05 65 50 20 
[0000A526] 66020002 00 64 00 00 03 29 C0 78 
[0000A532] 00000000 00 00 00 00 03 16 00 00 
[0000A53F] 00000000 00 00 00 00 03 36 00 00 
[0000A554] FE005311 56 55 00 00 05 45 00 A1 
[0000A560] 04000000 00 35 00 00 05 65 50 20 
[0000A56C] 66020002 00 64 00 00 03 29 C0 78 
[0000A577] 00000000 00 00 00 00 03 36 00 00 
[0000A583] FE005311 56 55 00 00 05 45 00 A1 
[0000A58F] 04000000 00 35 00 00 05 65 50 20 
[0000A59B] 66020002 00 63 00 00 03 29 80 78 
[0000A5A6] 00000000 00 00 00 00 03 16 00 00 
[0000A5B2] 00000000 00 00 00 00 03 36 00 00 
[0000A5BE] FE005311 56 55 00 00 05 45 00 A1 
[0000A5C9] 04000000 00 35 00 00 05 65 50 20 
[0000A5D4] 66020002 00 63 00 00 03 29 C0 78 
[0000A5E7] 00000000 00 00 00 00 03 36 00 00 
[0000A5F3] FE005311 56 55 00 00 05 45 00 A1 
[0000A5FE] 04000000 00 35 00 00 05 65 50 20 
[0000A60A] 66020002 00 64 00 00 03 29 80 78 
[0000A616] 00000000 00 00 00 00 03 16 00 00 
[0000A621] 00000000 00 00 00 00 03 36 00 00 
[0000A62D] FE005311 56 55 00 00 05 45 00 A1 
[0000A639] 04000000 00 35 00 00 05 65 50 20 
[0000A644] 66020002 00 63 00 00 03 29 80 78 
[0000A650] 00000000 00 00 00 00 03 16 00 00 
[0000A65C] 00000000 00 00 00 00 03 36 00 00 
[0000A671] FE005311 56 55 00 00 05 45 00 A1 
[0000A67D] 04000000 00 35 00 00 05 65 50 20 
[0000A689] 66020002 00 63 00 00 03 29 80 78 
[0000A695] 00000000 00 00 45 00 A1 04 00 00 
[0000A6A1] 00003500 00 05 65 50 20 66 02 00 
[0000A6AD] 02006400 00 03 29 C0 78 00 00 00 
[0000A6B9] 00000000 00 03 16 00 00 00 00 00 
[0000A6C4] 00000000 00 03 36 00 00 FE 00 53 
[0000A6D0] 11565500 00 05 45 00 A1 04 00 00 
[0000A6DC] 00003500 00 05 65 50 20 66 02 00 
[0000A6E8] 02006300 00 03 29 C0 78 00 00 00 
[0000A6FD] 00000000 00 03 36 00 00 FE 00 53 
[0000A709] 11565500 00 05 45 00 A1 04 00 00 
[0000A715] 00003500 00 05 65 50 20 66 02 00 
[0000A721] 02006300 00 03 29 80 78 00 00 00 
[0000A72D] 00000000 00 06 1F FF 3F 00 00 00 
[0000A738] 00000000 00 03 16 00 00 00 00 00 
[0000A744] 00000000 00 03 36 00 00 FE 00 53 
[0000A750] 11565500 00 05 45 00 A1 04 00 00 
[0000A75C] 00003500 00 05 65 50 20 66 02 00 
[0000A768] 02006300 00 03 29 80 78 00 00 00 
[0000A774] 00000000 00 03 16 00 00 00 00 00 
[0000A77F] 00000000 00 03 36 00 00 FE 00 53 
[0000A795] 11565500 00 05 45 00 A1 04 00 00 
[0000A7A0] 00003500 00 03 29 C0 78 00 00 00 
[0000A7AC] 00000000 00 05 65 50 20 66 02 00 
[0000A7B8] 020063FE 00 53 11 56 55 00 00 05 
[0000A7C4] 4500A104 00 00 00 00 35 00 00 05 
[0000A7D0] 65502066 02 00 02 00 64 00 00 03 
[0000A7DD] 29C07800 00 00 00 00 00 00 00 03 
[0000A7E8] 16000000 00 00 00 00 00 00 00 03 
[0000A7F4] 360000FE 00 53 11 56 55 00 00 05 
[0000A800] 4500A104 00 00 00 00 35 00 00 05 
[0000A80C] 65502066 02 00 02 00 64 00 00 03 
[0000A821] 29117800 00 00 00 00 00 65 50 20 
[0000A82D] 66020002 00 64 00 00 03 29 11 78 
[0000A838] 00000000 00 00 00 00 03 16 00 00 
[0000A844] 00000000 00 00 00 00 03 36 00 00 
[0000A850] FE005311 56 55 00 00 05 45 00 A1 
[0000A85C] 04000000 00 35 00 00 05 65 50 20 
[0000A868] 66020002 00 63 00 00 03 29 11 78 
[0000A874] 00000000 00 00 00 00 03 16 00 00 
[0000A880] 00000000 00 00 00 00 03 36 00 00 
[0000A88B] FE005311 56 55 00 00 05 45 00 A1 
[0000A897] 04000000 00 35 00 00 05 65 50 20 
[0000A8AC] 66020002 00 63 00 00 03 29 11 78 
[0000A8B8] 00000000 00 00 00 00 03 16 00 00 
[0000A8C4] 00000000 00 00 00 00 03 36 00 00 
[0000A8D0] FE005311 56 55 00 00 05 45 00 A1 
[0000A8DC] 04000000 00 35 00 00 05 65 50 20 
[0000A8E7] 66020002 00 63 00 00 03 29 11 78 
[0000A8F3] 00000000 00 00 00 00 03 16 00 00 
[0000A8FF] 00000000 00 00 00 00 03 36 00 00 
[0000A90B] FE005311 56 55 00 00 05 45 00 A1 
[0000A917] 04000000 00 35 00 00 05 65 50 20 
[0000A923] 66020002 00 64 00 00 03 29 11 78 
[0000A930] 00000000 00 00 00 00 03 36 00 00 
[0000A945] FE005311 56 55 00 00 05 45 00 A1 
[0000A951] 04000000 00 35 00 00 05 65 50 20 
[0000A95C] 66020002 00 63 00 00 03 29 C0 78 
[0000A968] 00000000 00 00 00 00 03 16 00 00 
[0000A974] 00000000 00 00 00 00 03 36 00 00 
[0000A980] FE005311 56 55 00 00 05 45 00 A1 
[0000A98C] 04000000 00 35 00 00 05 65 50 20 
[0000A997] 66020002 00 63 00 00 03 29 C0 78 
[0000A9A3] 00000000 00 00 00 00 03 16 00 00 
[0000A9AF] 00000000 00 00 00 00 03 36 00 00 
[0000A9BB] FE005311 56 55 00 00 05 45 00 A1 
[0000A9D0] 04000000 00 35 00 00 05 65 50 20 
[0000A9DC] 66020002 00 63 00 00 03 29 11 78 
[0000A9E7] 00000000 00 00 FE 00 53 11 56 55 
[0000A9F3] 00000545 00 A1 04 00 00 00 00 35 
[0000A9FF] 00000565 50 20 66 02 00 02 00 63 
[0000AA0B] 00000329 11 78 00 00 00 00 00 00 
[0000AA17] 00000316 00 00 00 00 00 00 00 00 
[0000AA23] 00000336 00 00 FE 00 53 11 56 55 
[0000AA2F] 00000545 00 A1 04 00 00 00 00 35 
[0000AA3A] 00000565 50 20 66 02 00 02 00 63 
[0000AA46] 00000329 62 78 00 00 00 00 00 00 
[0000AA52] 04000000 00 35 00 00 05 65 50 20 
[0000AA6E] 66020002 00 63 00 00 03 29 11 78 
[0000AA7A] 00000000 00 00 00 00 03 16 00 00 
[0000AA86] 00000000 00 00 00 00 03 36 00 00 
[0000AA91] FE005311 56 55 00 00 05 45 00 A1 
[0000AA9D] 04000000 00 35 00 00 05 65 50 20 
[0000AAA9] 66020002 00 63 00 00 03 29 11 78 
[0000AAB4] 00000000 00 00 00 00 03 16 00 00 
[0000AAC0] 00000000 00 00 00 00 03 36 00 00 
[0000AACC] FE005311 56 55 00 00 05 45 00 A1 
[0000AAD7] 04000000 00 35 00 00 05 65 50 20 
[0000AAE3] 66020002 00 63 00 00 03 29 62 78 
[0000AAFB] 00000000 00 00 00 00 03 16 00 00 
[0000AB08] 00000000 00 00 00 00 03 36 00 00 
[0000AB15] FE005311 56 55 00 00 05 45 00 A1 
[0000AB23] 04000000 00 35 00 00 05 65 50 20 
[0000AB30] 66020002 00 64 00 00 03 29 62 78 
[0000AB3D] 00000000 00 00 65 50 20 66 02 00 
[0000AB4A] 02006300 00 03 29 62 78 00 00 00 
[0000AB57] 00000000 00 03 16 00 00 00 00 00 
[0000AB64] 00000000 00 03 36 00 00 FE 00 53 
[0000AB72] 11565500 00 05 45 00 A1 04 00 00 
[0000AB7F] 00003500 00 05 65 50 20 66 02 00 
[0000AB95] 02006300 00 03 29 62 78 00 00 00 
[0000ABA3] 00000000 00 03 16 00 00 00 00 00 
[0000ABB0] 00000000 00 03 36 00 00 FE 00 53 
[0000ABBD] 11565500 00 05 45 00 A1 04 00 00 
[0000ABCA] 00003500 00 05 65 50 20 66 02 00 
[0000ABD9] 02006300 00 03 29 62 78 00 00 00 
[0000ABE6] 00000000 00 03 16 00 00 00 00 00 
[0000ABF3] 00000000 00 03 36 00 00 FE 00 53 
[0000AC00] 11565500 00 05 45 00 A1 04 00 00 
[0000AC0D] 00003500 00 05 65 50 20 66 02 00 
[0000AC1A] 02006400 00 03 29 62 78 00 00 00 
[0000AC28] 00000000 00 00 00 00 03 36 00 00 
[0000AC3E] FE005311 56 55 00 00 05 45 00 A1 
[0000AC4C] 04000000 00 35 00 00 05 65 50 20 
[0000AC5A] 66020002 00 63 00 00 03 29 80 78 
[0000AC67] 00000000 00 00 65 50 20 66 02 00 
[0000AC74] 02006400 00 03 29 80 78 00 00 00 
[0000AC81] 00000000 00 03 16 00 00 00 00 00 
[0000AC8E] 00000000 00 03 36 00 00 FE 00 53 
[0000AC9C] 11565500 00 05 45 00 A1 04 00 00 
[0000ACA9] 00003500 00 05 65 50 20 66 02 00 
[0000ACB6] 02006400 00 03 29 80 78 00 00 00 
[0000ACC3] 00000000 00 03 16 00 00 00 00 00 
[0000ACDA] 00000000 00 03 36 00 00 FE 00 53 
[0000ACE7] 11565500 00 05 45 00 A1 04 00 00 
[0000ACF4] 00003500 00 05 65 50 20 66 02 00 
[0000AD02] 02006400 00 03 29 80 78 00 00 00 
[0000AD0F] 00000000 00 03 16 00 00 00 00 00 
[0000AD20] 00000000 00 03 36 00 00 FE 00 53 
[0000AD2D] 11565500 00 05 45 00 A1 04 00 00 
[0000AD3B] 00003500 00 05 65 50 20 66 02 00 
[0000AD48] 02006400 00 03 29 80 78 00 00 00 
[0000AD56] 00000000 00 03 16 00 00 00 00 00 
[0000AD63] 00000000 00 03 36 00 00 FE 00 53 
[0000AD7A] 11565500 00 05 45 00 A1 04 00 00 
[0000AD88] 00003500 00 05 65 50 20 66 02 00 
[0000AD95] 02006400 00 03 29 80 78 00 00 00 
[0000ADA2] 00000000 00 03 29 C0 78 00 00 00 
[0000ADB0] 00000000 00 03 16 00 00 00 00 00 
[0000ADBD] 00000000 00 03 36 00 00 FE 00 53 
[0000ADCA] 11565500 00 05 45 00 A1 04 00 00 
[0000ADD7] 00003500 00 05 65 50 20 66 02 00 
[0000ADE4] 02006400 00 03 29 C0 78 00 00 00 
[0000ADF1] 00000000 00 03 16 00 00 00 00 00 
[0000ADFE] 00000000 00 03 36 00 00 FE 00 53 
[0000AE0C] 11565500 00 05 45 00 A1 04 00 00 
[0000AE22] 00003500 00 05 65 50 20 66 02 00 
[0000AE30] 02006400 00 03 29 C0 78 00 00 00 
[0000AE3D] 00000000 00 03 16 00 00 00 00 00 
[0000AE4A] 00000000 00 03 36 00 00 FE 00 53 
[0000AE57] 11565500 00 05 45 00 A1 04 00 00 
[0000AE64] 00003500 00 05 65 50 20 66 02 00 
[0000AE71] 02006300 00 03 29 C0 78 00 00 00 
[0000AE7F] 00000000 00 03 16 00 00 00 00 00 
[0000AE8C] 00000000 00 03 36 00 00 FE 00 53 
[0000AE99] 11565500 00 05 45 00 A1 04 00 00 
[0000AEA6] 00003500 00 05 65 50 20 66 02 00 
[0000AEBD] 02006300 00 03 29 C0 78 00 00 00 
[0000AECA] 00000000 00 03 29 11 78 00 00 00 
[0000AED8] 00000000 00 03 16 00 00 00 00 00 
[0000AEE4] 00000000 00 03 36 00 00 FE 00 53 
[0000AEF1] 11565500 00 05 45 00 A1 04 00 00 
[0000AEFE] 00003500 00 05 65 50 20 66 02 00 
[0000AF0C] 02006400 00 03 29 11 78 00 00 00 
[0000AF19] 00000000 00 03 16 00 00 00 00 00 
[0000AF26] 00000000 00 03 36 00 00 FE 00 53 
[0000AF33] 11565500 00 05 45 00 A1 04 00 00 
[0000AF40] 00003500 00 05 65 50 20 66 02 00 
[0000AF4D] 02006400 00 03 29 11 78 00 00 00 
[0000AF63] 00000000 00 03 16 00 00 00 00 00 
[0000AF70] 00000000 00 03 36 00 00 FE 00 53 
[0000AF7D] 11565500 00 05 45 00 A1 04 00 00 
[0000AF8B] 00003500 00 05 65 50 20 66 02 00 
[0000AF98] 02006400 00 03 29 11 78 00 00 00 
[0000AFA5] 00000000 00 03 16 00 00 00 00 00 
[0000AFB2] 00000000 00 03 36 00 00 FE 00 53 
[0000AFCB] 11 56 55 00 00 05 45 00 A1 04 FF 
