00 00 FE FF 00 00 00 00 05 65 50 20
66 02 00 02 00 00 00 00 01 F5 C0 00
00 00 80 51 00 00 00 00 05 45 12 00
00 00 3F 00 00 58 00 00 05 65 50 20
66 02 00 02 00 64 00 00 01 F8 00 00
00 00 FE FF 00 00 00 00 01 F5 C0 00
00 00 80 A1 00 00 00 00 03 36 00 00
FE 02 9F 12 73 59 00 00 05 65 50 20
66 02 00 02 00 65 00 00 01 F8 00 00
00 00 FE FF 00 00 00 00 01 F0 0A 60
0A 00 0A 00 0A 00 00 00 01 F5 C0 00
00 00 80 11 00 00 00 00 05 65 50 20
66 02 00 02 00 65 00 00 01 F8 00 00
00 00 FE FF 00 00 00 00 01 F0 0A 40
0A 00 0A 00 0A 00 00 00 01 F5 C0 00
00 00 80 61 00 00 00 00 05 45 12 08
02 00 3F 00 00 58 00 00 01 F5 C0 00
00 00 80 91 00 00 00 00 01 F3 02 80
00 FF C1 FF 00 08 00 00 01 F8 00 00
00 00 FE FF 00 00 00 00 03 36 00 00
FE 02 9F 12 F4 53 00 00 05 65 50 20
66 02 00 02 00 67 00 00 01 F8 00 00
00 00 FE FF 00 00 00 00 01 02 96 69
00 00 01 F5 C0 00 00 00 80 E1 00 00
00 00 03 36 4E 3D FE 02 33 1E CA 17
00 00 01 F3 02 80 00 FF C1 FF 00 08
00 00 05 65 50 20 66 02 00 02 9F 67
00 00 06 1F FF 3F 0F 73 40 00 00 00
00 00 03 16 01 00 26 24 00 00 00 00
00 00 01 F8 00 00 00 00 FE FF 00 00
00 00 05 65 50 20 66 02 00 02 A5 66
00 00 01 F8 00 00 00 00 FE FF 00 00
00 00 01 F5 C0 00 00 00 80 21 00 00
00 00 05 45 12 5E 08 00 3F 00 00 58
00 00 05 65 50 20 66 02 00 02 BE 63
00 00 01 F8 00 00 00 00 FE FF 00 00
00 00 01 53 10 50 00 00 00 FF 00 80
00 00 03 29 62 5F 00 00 00 00 00 00
00 00 05 65 50 20 66 02 00 02 BC 63
00 00 05 65 50 20 66 02 00 02 BA 63
00 00 01 F0 0A 40 0A 00 0A 00 0A 00
00 00 01 F5 C0 00 00 00 80 E1 00 00
00 00 05 45 12 DC 08 00 3F 00 00 58
00 00 06 13 1E 57 1D B9 00 8E F3 00
00 00 00 00 00 05 45 12 2E 0D 00 3F
00 00 58 00 00 05 65 50 20 66 02 00
02 9C 63 00 00 01 F8 00 00 00 00 FE
FF 00 00 00 00 01 F5 C2 00 00 00 80
61 00 00 00 00 03 36 05 14 FE 02 C0
19 E3 15 00 00 05 45 12 91 0D 00 3F
00 00 58 00 00 01 F8 00 00 00 00 FE
FF 00 00 00 00 05 65 50 20 66 02 00
02 9C 63 00 00 01 F5 C2 00 00 00 80
D1 00 00 00 00 05 45 12 F4 0D 00 3F
00 00 58 00 00 01 F8 00 00 00 00 FE
FF 00 00 00 00 01 53 10 50 00 00 00
FF 00 80 00 00 01 F5 C2 00 00 00 80
21 00 00 00 00 05 45 12 F4 0D 00 3F
00 00 58 00 00 05 65 50 20 66 02 00
02 9A 63 00 00 01 F0 0A 40 0A 00 0A
00 0A 00 00 00 01 F8 00 00 00 00 00
00 00 FE FF 00 00 00 00 06 1A 5A 1D
82 FE BF 3C 02 82 00 00 01 F8 00 00
00 00 FE FF 00 00 00 00 03 36 BE 14
FE 02 CA 19 ED 15 00 00 01 F8 00 00
00 00 FE FF 00 00 32 05 80 A1 00 00
00 00 05 65 50 20 66 02 00 02 95 63
00 00 01 F8 00 00 00 00 FE FF 00 00
00 00 05 45 12 8D 14 00 3F 00 00 58
00 00 05 65 50 20 66 02 00 02 95 63
00 00 05 65 50 20 66 02 00 02 95 63
00 00 01 F8 00 00 00 00 FE FF 00 00
00 00 03 16 01 00 D9 1D 00 00 00 00
00 00 05 45 12 8D 14 00 3F 00 00 58
00 00 05 65 50 20 66 02 00 02 95 63
00 00 01 F5 D0 00 DC 01 80 71 11 90
00 00 01 F8 00 00 00 00 FE FF 00 00
00 00 05 45 12 F2 14 00 3F 00 00 58
00 00 01 53 10 50 00 00 00 FF 00 80
00 00 05 65 50 20 66 02 00 02 95 63
00 00 01 F8 00 00 00 00 FE FF 00 00
00 00 03 29 80 5F 00 00 00 00 00 00
00 00 01 F0 0A 40 0A 00 0A 00 0A 00
00 00 05 65 50 20 66 02 00 02 95 63
00 00 01 F5 D0 00 FC 00 80 31 00 00
00 00 03 16 01 00 B9 1D 00 00 00 00
00 00 01 F3 80 00 00 FF C1 7F 00 08
00 00 01 F5 D0 00 00 00 80 71 11 90
00 00 01 F5 D0 00 00 00 80 00 00 05
65 50 20 66 02 00 02 95 63 00 00 01
F5 D0 00 00 00 80 51 00 00 00 00 01
F8 00 00 00 00 FE FF 00 00 00 00 03
36 6D 16 FE 02 14 18 4E 16 00 00 01
F5 D0 00 00 00 80 91 00 00 00 00 05
65 50 20 66 02 00 02 95 63 00 00 01
F8 00 00 00 00 FE FF 00 00 00 00 01
F5 D0 00 00 00 80 D1 00 00 00 00 05
45 00 56 17 00 3F 00 00 58 00 00 05
65 50 20 66 00 05 65 50 20 66 02 00
02 95 63 00 00 01 F5 D0 00 00 00 80
71 11 90 00 00 01 F8 00 00 00 00 FE
FF 00 00 00 00 01 53 10 50 00 00 00
FF 00 80 00 00 01 F5 D0 00 00 00 80
B1 00 00 00 00 01 F5 D0 00 00 00 80
C1 00 00 00 00 01 F8 00 00 00 00 FE
FF 00 00 00 00 01 F0 0A 20 0A 00 0A
00 0A 00 00 00 05 65 50 20 66 02 00
02 95 63 00 00 05 65 50 20 66 02 00
02 00 00 00 00 01 F5 C2 00 00 00 80
41 00 00 00 00 01 F8 00 00 00 00 FE
FF 00 00 00 00 01 F3 80 00 00 FF C1
7F 00 08 00 00 05 65 50 20 66 02 00
02 93 63 00 00 05 65 50 20 66 02 00
02 93 63 00 00 01 F8 00 00 00 00 FE
FF 00 00 00 00 01 F3 80 00 00 FF C1
7F 00 08 00 00 05 65 50 20 66 02 00
02 93 63 00 00 05 65 50 20 66 02 00
02 93 63 00 00 01 F5 D0 00 00 00 80
01 00 00 00 00 03 16 41 00 66 1D 00
00 00 00 00 00 05 65 50 20 66 02 00
02 93 63 00 00 01 F5 D0 00 00 00 80
41 00 00 00 00 01 F8 00 00 00 00 FE
FF 00 00 00 00 01 F8 00 00 00 00 FE
FF 00 00 00 00 01 F5 D0 00 00 00 00
00 00 FE FF 00 00 00 00 01 53 10 50
00 00 00 FF 00 80 00 00 05 65 50 20
66 02 00 02 93 64 00 00 05 65 50 20
66 02 00 02 93 64 00 00 01 F8 00 00
00 00 FE FF 00 00 00 00 01 F0 0A 00
0A 00 0A 00 0A 3F 00 00 58 00 00 01
F8 00 00 00 00 FE FF 00 00 00 00 01
F8 00 00 00 00 FE FF 00 00 00 00 05
45 00 68 25 00 3F 00 00 58 00 00 05
45 00 68 25 00 3F 00 00 58 00 00 01
F8 00 00 00 00 FE FF 00 00 00 00 01
F8 00 00 00 00 FE FF 00 00 00 00 03
16 41 00 60 1D 00 00 00 00 00 00 05
45 00 68 25 00 3F 00 00 58 00 00 05
65 50 20 66 02 00 02 93 64 00 00 01
F8 00 00 00 00 FE FF 00 00 00 00 01
F8 00 00 00 00 FE FF 00 00 00 00 05
45 00 CE 25 00 3F 00 00 58 00 00 05
65 50 20 66 02 00 02 93 64 00 00 01
F8 00 00 00 00 FE FF 00 00 00 00 01
53 00 50 00 00 00 FF 00 80 00 00 05
45 00 CE 25 00 3F 00 00 58 00 00 05
65 50 20 66 02 00 02 93 64 00 00 01
F5 D0 00 00 00 80 51 00 00 00 00 01
F0 0A 00 0A 00 0A 00 0A 00 00 00 03
16 41 00 80 1D 00 00 00 00 00 00 05
65 50 20 66 02 00 02 93 64 BE 80 80
61 00 00 00 00 01 53 00 50 00 00 00
FF 00 80 00 00 05 65 50 20 66 02 00
02 93 64 00 00 05 45 00 60 27 00 3F
00 00 58 00 00 05 65 50 20 66 02 00
02 93 64 00 00 01 F3 00 01 00 FF C1
7F 00 08 00 00 05 65 50 20 66 02 00
02 93 64 00 00 03 16 41 00 66 1D 00
00 00 00 00 00 64 00 00 01 F5 D2 00
00 00 80 81 00 00 00 00 05 45 00 16
2A 00 3F 00 00 58 00 00 05 65 50 20
66 02 00 02 95 64 00 00 05 65 50 20
66 02 00 02 95 64 00 00 01 F5 D2 00
00 00 80 D1 00 00 00 00 01 F8 00 00
00 00 FE FF 00 00 00 00 01 53 10 50
00 00 00 FF 00 80 00 00 05 65 50 20
66 02 00 02 93 64 00 00 01 F8 00 00
00 00 FE FF 00 00 00 00 01 F8 00 00
00 00 FE FF 00 00 00 00 01 F0 0A 20
0A 00 0A 00 0A 00 00 00 05 65 50 20
66 02 00 02 93 64 00 00 06 1A 5A 1D
82 FE BF 3C 02 82 00 00 01 F5 D2 00
00 00 00 00 00 05 65 50 20 66 02 00
02 95 64 00 00 05 65 50 20 66 02 00
02 95 64 00 00 01 F5 D2 00 00 00 80
01 00 00 00 00 05 45 00 3C 2E 00 3F
00 00 58 00 00 01 53 10 50 00 00 00
FF 00 80 00 00 01 F5 D2 00 00 00 80
41 00 00 00 00 06 1A 5A 1D 82 FE BF
3C 02 82 00 00 05 45 00 99 2E 00 3F
00 00 58 00 00 01 F0 0A 40 0A 00 0A
00 0A 00 00 00 05 65 50 20 66 02 00
02 95 64 00 00 05 65 50 20 66 02 00
02 95 64 00 00 03 16 41 00 AC 1D 00
00 00 00 00 00 01 F3 80 00 00 FF C1
7F 00 08 00 00 06 15 C0 00 00 0E 02
00 00 00 00 00 01 F5 D2 00 00 00 80
01 00 00 00 00 01 F8 00 00 00 00 FE
FF 00 00 00 00 01 F8 00 00 00 00 FE
00 00 80 11 00 00 00 00 01 F8 00 00
00 00 FE FF 00 00 00 00 05 45 00 AB
2F 00 3F 00 00 58 00 00 05 65 50 20
66 02 00 02 95 64 00 00 01 F8 00 00
00 00 FE FF 00 00 00 00 80 51 00 00
00 00 01 F8 00 00 00 00 FE FF 00 00
00 00 05 45 00 2A 34 00 3F 00 00 58
00 00 05 65 50 20 66 02 00 02 95 64
00 00 01 F8 00 00 00 00 FE FF 00 00
00 00 06 1F FF 3F 0B 02 40 00 00 00
00 00 03 36 1C 18 FE 02 2E 18 27 18
00 00 05 65 50 20 66 02 00 02 95 64
00 00 01 F8 00 00 00 00 FE FF 00 00
00 00 01 F5 D2 00 00 00 80 11 00 00
00 00 01 F5 D2 00 00 00 80 21 00 00
00 00 05 45 00 80 34 00 3F 00 00 58
00 00 01 F5 D2 00 00 00 80 51 00 00
00 00 01 F8 00 00 00 00 FE FF 00 00
00 00 01 53 10 50 00 00 00 FF 00 80
00 00 01 F5 D2 00 00 00 80 91 00 00
00 00 05 65 50 20 66 02 00 02 95 64
00 00 01 F8 00 00 00 00 FE FF 00 00
00 00 01 F0 0A 00 0A 00 0A 00 0A 00
00 00 05 45 00 D6 34 00 3F 00 00 58
00 00 05 65 50 20 66 02 00 02 95 64
00 00 01 F8 00 00 00 00 FE FF 00 00
00 00 01 F3 80 00 00 FF C1 7F 00 08
00 00 03 16 41 00 F3 1D 00 00 00 00
00 00 05 45 00 2C 35 00 3F 00 00 58
00 00 01 F5 D2 00 00 00 80 61 00 80
61 00 00 00 00 05 45 00 1A 39 00 3F
00 00 58 00 00 05 65 50 20 66 02 00
02 96 63 00 00 01 F8 00 00 00 00 FE
FF 00 00 00 00 05 65 50 20 66 02 00
02 96 63 00 00 03 36 45 17 FE 02 C8
17 64 17 00 00 05 45 00 6C 39 00 3F
00 00 57 00 00 01 F8 00 00 00 00 FE
FF 00 00 00 00 05 65 50 20 66 02 00
02 96 63 00 00 01 F5 E0 00 00 00 80
21 00 00 00 00 05 45 00 6C 39 00 3F
00 00 56 00 00 01 F8 00 00 00 00 FE
FF 00 00 00 00 01 F5 E0 00 00 00 80
61 00 00 00 00 01 F5 E0 00 00 00 80
71 12 91 00 00 05 45 00 BD 39 00 3F
00 00 56 00 00 01 F5 E0 00 00 00 80
A1 00 00 00 00 05 65 50 20 66 02 00
02 96 63 00 00 01 F8 00 00 00 00 FE
FF 02 00 02 96 63 00 00 01 F8 00 00
00 00 FE FF 00 00 00 00 01 53 10 50
00 00 00 FF 00 80 00 00 01 F5 E0 00
00 00 80 11 00 00 00 00 06 13 1E 57
1D B9 00 8E E3 00 00 00 01 F8 00 00
00 00 FE FF 00 00 00 00 01 F3 40 00
00 FF C1 7F 00 08 00 00 05 45 00 C9
3D 00 3F 00 00 56 00 00 05 45 00 C9
3D 00 3F 00 00 56 00 00 01 F8 00 00
00 00 FE FF 00 00 00 00 01 F8 00 00
00 00 FE FF 00 00 00 00 03 16 41 00
80 1E 00 00 00 00 00 00 05 45 00 18
3E 00 3F 00 00 56 00 00 01 F5 D2 00
00 00 80 E1 00 00 00 00 01 F8 00 00
00 00 FE FF 00 00 00 00 01 FF 00 00
00 00 01 F5 D0 00 06 80 80 E1 00 00
00 00 05 45 00 05 3F 00 3F 00 00 56
00 00 01 F8 00 00 00 00 FE FF 00 00
00 00 05 65 50 20 66 02 00 02 96 63
00 00 03 29 62 60 00 00 00 00 00 00
00 00 05 45 00 54 3F 00 3F 00 00 56
00 00 01 F5 D2 0A 00 0A 00 00 00 05
65 50 20 66 02 00 02 96 63 00 00 05
65 50 20 66 02 00 02 96 63 00 00 01
F8 00 00 00 00 FE FF 00 00 00 00 01
F3 00 80 00 FF C1 7F 00 00 00 00 05
45 00 DC 43 00 3F 00 00 56 00 00 05
45 00 DC 43 00 3F 00 00 56 00 00 01
F5 D2 00 00 00 80 B1 00 00 00 00 01
F8 00 00 00 00 FE FF 00 00 00 00 05
45 00 27 44 00 3F 00 00 56 00 00 05
65 50 20 66 02 00 02 96 63 00 00 01
F8 00 00 00 00 FE FF 00 00 00 00 01
F8 00 00 00 00 FE FF 00 00 00 00 05
45 00 27 44 00 3F 00 00 56 00 00 05
65 50 20 66 02 00 02 98 63 00 00 01
F8 00 00 00 00 FE FF 00 00 00 00 01
F5 D2 00 00 00 80 71 12 90 00 00 03
29 62 60 00 00 00 41 00 00 00 00 05
65 50 20 66 02 00 02 9C 63 00 00 01
F5 D2 00 00 00 80 B1 00 00 00 00 01
F8 00 00 00 00 FE FF 00 00 00 00 01
53 00 50 00 00 00 FF 00 80 00 00 01
F5 D2 00 00 00 80 F1 9D 05 00 00 05
65 50 20 66 02 00 02 9F 64 00 00 01
F8 00 00 00 00 FE FF 00 00 00 00 01
F5 D2 00 00 00 80 51 00 00 00 00 05
45 00 98 49 00 3F 00 00 56 00 00 01
F0 0A 40 0A 00 0A 00 0A 00 00 00 01
F5 D2 00 00 00 80 91 00 00 00 00 01
F8 00 00 00 00 FE FF 00 00 00 00 05
45 00 F3 49 00 3F 00 00 56 00 00 01
F3 40 00 00 FF C1 7F 00 00 00 00 05
65 50 20 66 02 00 02 93 64 00 00 01
F8 00 00 00 00 FE FF 00 00 00 00 03
29 80 60 00 00 00 00 00 00 00 00 01
F8 01 00 00 00 FE FF 00 00 00 00 05
65 50 20 66 02 00 02 93 64 00 00 01
F5 C0 00 00 00 80 51 00 00 00 00 03
16 41 00 F9 1C 00 00 00 00 00 00 01
F8 02 00 00 00 FE FF 00 00 00 00 01
F5 A1 00 1B 83 80 91 00 00 00 00 05
65 50 20 66 02 00 02 93 64 00 00 01
F8 00 00 00 00 FE FF 00 00 00 00 03
36 00 01 53 00 C0 00 00 00 FF 00 80
00 00 03 16 41 00 AC 1F 00 00 00 00
00 00 05 45 00 70 4E 00 3F 00 00 56
00 00 01 F5 70 00 00 00 80 11 00 00
00 00 01 F0 18 00 18 00 18 00 18 00
00 00 01 F8 00 00 00 00 FE FF 00 00
00 00 03 36 48 15 FE 02 AE 16 A6 16
00 00 05 65 50 20 66 02 00 02 98 64
00 00 01 F3 00 80 00 FF 01 80 00 00
00 00 01 F5 70 00 00 00 80 91 00 00
00 00 05 45 00 FF 4E 00 3F 00 00 56
00 00 05 65 50 20 66 02 00 02 98 63
00 00 01 F8 00 00 00 00 FE FF 00 00
00 00 01 F5 70 00 00 00 80 E1 00 00
00 00 03 36 4E 15 FE 02 B8 16 72 16
00 00 05 65 50 20 66 02 00 02 98 63
00 00 01 F8 00 00 00 00 FE FF 00 00
00 00 05 65 50 20 66 02 00 02 98 63
00 00 01 F5 70 00 00 00 80 51 00 00
00 00 05 45 00 47 4F 00 3F 00 00 56
00 00 01 F8 00 00 00 00 FE FF 00 00
00 00 05 65 50 20 66 02 00 02 98 63
00 00 01 F5 70 00 00 00 80 A1 00 00
00 00 05 45 00 47 F8 01 00 00 00 FE
FF 00 00 00 00 05 45 00 D5 55 00 3F
00 00 56 00 00 05 65 50 20 66 02 00
02 96 63 00 00 01 F3 00 80 00 01 C2
7F 00 00 00 00 01 F5 A0 00 00 00 80
31 00 00 00 00 05 45 00 D5 55 00 3F
00 00 56 00 00 05 65 50 20 66 02 00
02 96 63 00 00 01 F8 02 00 00 00 FE
FF 00 00 00 00 01 F5 A0 00 00 00 80
81 02 80 00 00 03 29 11 60 00 00 00
00 00 00 00 00 05 65 50 20 66 02 00
02 96 63 00 00 01 F8 03 00 00 00 FE
FF 00 00 00 00 05 65 50 20 66 02 00
02 96 63 00 00 01 F5 A0 00 00 00 80
F1 9D 05 00 00 05 45 00 5B 56 00 3F
00 00 56 00 00 01 F8 03 00 00 00 FE
FF 00 00 00 00 00 00 00 05 45 00 9F
56 00 3F 00 00 56 00 00 01 F8 03 00
00 00 FE FF 00 00 00 00 01 F5 A0 00
5A 00 80 41 0E 80 00 00 01 F8 03 00
00 00 FE FF 00 00 00 00 05 45 00 E2
56 00 3F 00 00 56 00 00 01 F5 91 00
E1 80 80 81 00 00 00 00 FE FF 00 00
00 00 01 F5 90 00 00 00 80 81 04 00
00 00 05 45 00 8D 5A 00 3F 00 00 55
00 00 05 65 50 20 66 02 00 02 95 63
00 00 01 F8 00 00 00 00 FE FF 00 00
00 00 01 F8 00 00 00 00 FE FF 00 00
00 00 03 36 8B 15 FE 02 93 17 E3 15
00 00 05 65 50 20 66 02 00 02 95 63
00 00 05 65 50 20 66 02 00 02 95 63
00 00 01 F8 00 00 00 00 FE FF 00 00
00 00 01 F3 00 80 00 FD C1 7F 00 00
00 00 06 1A 5A 1D 82 FE BF 3C 02 82
00 00 05 65 50 20 66 02 00 02 95 63
00 00 01 F8 00 00 00 00 FE FF 00 00
00 00 01 F8 00 00 00 00 FE FF 00 00
00 00 05 45 00 D0 5A 00 3F 00 00 FE
FF 00 00 00 00 01 53 10 48 01 00 00
FF 00 80 00 00 05 65 50 20 66 02 00
02 95 63 00 00 01 F5 90 00 00 00 80
D1 95 63 00 00 01 F8 02 00 00 00 FE
FF 00 00 00 00 03 36 F7 15 FE 02 CF
17 1B 16 00 00 01 F3 40 80 00 03 82
7F 00 00 00 00 05 65 50 20 66 02 00
02 95 63 00 00 01 F5 90 00 08 80 80
E1 00 00 00 00 03 16 41 00 F3 1D 00
00 00 00 00 00 01 F8 04 00 00 00 FE
FF 00 00 00 00 01 F5 90 00 08 80 80
21 00 00 00 00 01 F5 90 00 00 00 80
31 00 00 00 00 01 F8 03 00 00 00 FE
FF 00 00 00 00 01 F8 03 00 00 00 FE
FF 00 00 00 00 05 65 50 20 66 02 00
02 95 63 00 00 05 65 50 20 66 02 00
02 95 63 00 00 01 F8 02 00 00 00 FE
FF 00 00 00 00 05 45 00 11 60 00 3F
00 00 55 00 00 05 65 50 20 66 02 00
02 95 63 00 00 05 65 50 20 66 02 00
02 95 63 00 00 01 F5 90 00 00 00 80
F1 9D 05 00 00 03 29 11 61 00 00 00
00 00 00 00 00 01 53 10 B0 01 00 00
FF 00 80 00 00 01 F5 90 00 00 00 80
31 00 00 00 00 20 66 02 00 02 95 63
00 00 01 F5 A0 00 00 00 80 91 00 00
00 00 01 F8 01 00 00 00 FE FF 00 00
00 00 03 16 41 00 C0 1D 00 00 00 00
00 00 05 65 50 20 66 02 00 02 95 63
00 00 06 1A 5A 1D 82 FE BF 3C 02 82
00 00 01 F8 02 00 00 00 FE FF 00 00
00 00 01 F8 02 00 00 00 FE FF 00 00
00 00 05 45 00 FD 62 00 3F 00 00 55
00 00 05 65 50 20 66 02 00 02 95 63
00 00 01 F8 02 00 00 00 FE FF 00 00
00 00 01 F0 1D 60 1D 00 1D 00 1D 00
00 00 03 36 30 16 FE 02 A7 17 3A 16
00 00 05 65 50 20 66 02 00 02 95 63
00 00 01 F5 A0 00 00 00 00 00 00 05
65 50 20 66 02 00 02 95 63 00 00 01
F5 A0 00 00 00 80 71 0E 8D 00 00 01
F5 A0 00 00 00 80 81 01 80 00 00 01
F8 02 00 00 00 FE FF 00 00 00 00 01
F5 A0 00 00 00 80 B1 00 00 00 00 01
F8 02 00 00 00 FE FF 00 00 00 00 05
65 50 20 66 02 00 02 95 63 65 50 20
66 02 00 02 93 63 00 00 01 F3 00 80
00 FF C1 7F 00 08 00 00 03 16 41 00
13 1D 00 00 00 00 00 00 05 45 00 D8
69 00 3F 00 00 53 00 00 05 65 50 20
66 02 00 02 93 63 00 00 01 F8 00 00
00 00 FE FF 00 00 00 00 06 1A 5A 1D
82 FE BF 3C 02 82 00 00 03 36 CF 16
FE 02 5A 17 C9 16 00 00 05 65 50 20
66 02 00 02 93 63 00 00 01 F8 00 00
00 00 FE FF 00 00 00 00 01 F5 C0 00
00 00 80 11 00 00 00 00 05 45 00 1B
6A 00 3F 00 00 53 00 00 05 65 50 20
66 02 00 02 93 63 00 00 01 F5 C0 00
00 00 80 51 00 00 00 00 01 F5 C0 00
00 00 80 61 00 00 00 00 03 29 C0 62
00 00 00 00 00 00 00 00 05 65 50 20
66 02 00 02 93 63 00 00 01 F8 00 00
00 00 FE FF 00 00 00 00 01 53 00 50
00 00 00 FF 00 80 00 00 01 F5 C2 00
00 00 80 D1 00 00 00 00 05 45 00 5E
6A 00 3F 00 00 53 00 00 05 65 50 20
66 02 00 02 93 63 00 00 01 00 0A 00
00 00 01 F5 B0 00 00 00 80 E1 00 00
00 00 03 36 0D 17 FE 02 E1 16 BF 16
00 00 06 18 00 00 67 00 00 00 00 00
00 00 01 F8 00 00 00 00 FE FF 00 00
00 00 05 65 50 20 66 02 00 02 91 63
00 00 01 F8 00 00 00 00 FE FF 00 00
00 00 05 45 00 80 91 00 00 00 00 01
F8 00 00 00 00 FE FF 00 00 00 00 01
53 00 50 00 00 00 FF 00 80 00 00 05
65 50 20 66 02 00 02 91 63 00 00 06
18 00 00 67 00 00 00 00 00 00 00 01
F8 00 00 00 00 FE FF 00 00 00 00 01
F0 0A 20 0A 00 0A 00 0A 00 00 00 05
65 50 20 66 02 00 02 91 63 00 00 01
F8 00 00 00 00 FE FF 00 00 00 00 01
F5 B0 00 00 00 80 51 00 00 00 00 01
F3 00 80 00 FF 41 7F 00 08 00 00 05
65 50 20 66 02 00 02 91 63 00 00 01
F5 B0 00 00 00 80 91 00 00 00 00 01
F8 00 00 00 00 FE FF 00 00 00 00 01
F8 00 00 00 00 3F 00 00 53 00 00 01
F3 40 00 00 FF 41 7F 00 08 00 00 01
F5 B0 00 00 00 80 91 00 00 00 00 01
F8 00 00 00 00 FE FF 00 00 00 00 03
29 11 62 00 00 00 00 00 00 00 00 01
F8 00 00 00 00 FE FF 00 00 00 00 05
65 50 20 66 02 00 02 93 63 00 00 01
F8 00 00 00 00 FE FF 00 00 00 00 03
16 41 00 E0 1C 00 00 00 00 00 00 01
F8 00 00 00 00 FE FF 00 00 00 00 05
65 50 20 66 02 00 02 93 63 00 00 01
F5 B0 00 00 00 80 51 00 00 00 00 01
F8 00 00 00 00 FE FF 00 00 00 00 05
45 00 0F 72 00 3F 00 00 53 00 00 01
F5 B0 00 00 00 80 91 00 00 00 00 01
F5 B0 00 00 00 80 A1 00 00 00 00 01
F8 00 00 00 00 FE FF 00 00 00 00 03
29 80 62 00 00 00 00 00 00 00 00 01
53 00 50 00 00 00 FF 00 80 00 00 05
65 50 20 66 02 00 02 93 63 00 00 06
1A 5A 1D 82 FE BF 3C 02 82 00 00 03
16 41 00 E6 1C 00 00 00 00 02 93 63
00 00 01 F5 B0 00 00 00 80 21 00 00
00 00 03 29 80 63 00 00 00 00 00 00
00 00 05 65 50 20 66 02 00 02 93 63
00 00 01 F5 B0 00 00 00 80 61 00 00
00 00 01 F8 00 00 00 00 FE FF 00 00
00 00 03 16 41 00 CC 1C 20 66 02 00
02 91 63 00 00 01 F5 B0 00 00 00 80
A1 00 00 00 00 05 45 00 E8 75 00 3F
00 00 52 00 00 01 F5 B0 00 00 00 80
D1 00 00 00 00 01 53 00 50 00 00 00
FF 00 80 00 00 01 F8 00 00 00 00 FE
FF 00 00 00 00 01 F5 B0 00 00 00 80
11 00 00 00 00 05 45 00 2C 76 00 3F
00 00 52 00 00 01 F0 0A 40 0A 00 0A
00 0A 00 00 00 01 F5 B0 00 00 00 80
51 00 00 00 00 01 F5 B0 00 00 00 80
61 00 00 00 00 03 36 5A 18 FE 02 57
16 87 17 00 00 01 F3 00 80 00 FF 41
7F 00 08 00 00 05 65 50 20 66 02 00
02 91 63 00 00 01 F8 00 00 00 00 FE
FF 00 00 00 00 03 36 E4 17 FE 02 45
16 00 47 78 00 3F 00 00 52 00 00 05
45 00 47 78 00 3F 00 00 52 00 00 01
F8 00 00 00 00 FE FF 00 00 00 00 01
F5 B0 00 00 00 80 61 00 00 00 00 03
36 DE 16 FE 02 2F 16 F8 16 00 00 05
45 00 8C 78 00 3F 00 00 52 00 00 01
F8 00 00 00 00 FE FF 00 00 00 00 01
53 00 50 00 00 00 FF 00 80 00 00 03
29 62 63 00 00 00 00 00 00 00 00 05
65 50 20 66 02 00 02 91 63 00 00 01
F8 00 00 00 00 FE FF 00 00 00 00 01
F0 91 63 00 00 01 F8 00 00 00 00 FE
FF 00 00 00 00 01 F8 00 00 00 00 FE
FF 00 00 00 00 05 65 50 20 66 02 00
02 91 63 00 00 01 F5 B0 00 00 00 80
B1 00 00 00 00 01 F8 00 00 00 00 FE
FF 00 00 00 00 01 F8 00 00 00 00 FE
FF 00 00 00 00 01 F5 B0 00 00 00 80
F1 9D 05 00 00 05 65 50 20 66 02 00
02 91 63 00 00 01 F8 00 00 00 00 FE
FF 00 00 00 00 01 F8 00 00 00 00 FE
FF 00 00 00 00 03 16 41 00 60 28 00
00 00 00 00 00 01 F5 B0 00 00 00 80
01 00 00 00 00 01 F8 00 00 00 00 FE
FF 00 00 00 00 01 F3 00 80 00 FF C1
7F 00 08 00 00 01 F5 B0 00 00 00 80
41 00 00 00 00 03 36 DA 31 FE 02 E2
1A CF 31 00 00 05 65 50 20 66 02 00
02 AE 66 00 00 01 F8 00 00 00 00 FE
FF 00 00 00 00 01 F5 B0 00 00 00 80
91 00 00 00 00 05 45 00 B6 83 00 3F
00 00 51 00 00 05 65 50 20 66 02 00
02 B3 65 00 00 01 F8 00 00 00 00 FE
FF 00 00 00 00 01 F5 B0 00 00 00 80
E1 00 00 00 00 03 16 41 00 F9 2C 00
00 00 00 00 00 05 45 00 21 84 00 3F
00 00 51 00 00 01 F8 00 00 00 00 FE
FF 00 00 00 00 05 65 50 20 66 02 00
02 BA 65 00 00 01 F5 B0 00 00 00 80
51 00 00 00 00 05 45 00 87 84 00 3F
00 00 51 00 00 01 F8 00 00 00 00 FE
FF 00 00 00 00 01 F5 B0 00 00 00 80
91 00 00 00 00 01 F5 B0 00 00 00 80
A1 00 00 00 00 05 45 00 DE 84 00 3F
00 00 51 00 00 01 F5 B0 00 00 00 80
D1 00 00 00 00 01 53 00 50 00 00 00
FF 00 80 00 00 01 F8 00 00 00 00 FE
FF 00 00 00 00 03 29 62 64 00 00 00
0C 00 00 00 00 05 45 00 21 85 00 3F
00 00 51 00 00 01 F0 0A 00 0A 00 0A
00 0A 00 00 00 01 F5 B0 00 00 00 80
51 00 00 00 91 63 00 00 01 F8 00 00
00 00 FE FF 00 00 00 00 05 65 50 20
66 02 00 02 91 63 00 00 06 18 00 00
67 00 00 00 00 00 00 00 05 45 00 13
87 00 3F 00 00 4F 00 00 05 65 50 20
66 02 00 02 91 63 00 00 01 53 00 50
00 00 00 FF 00 80 00 00 01 F5 B0 00
00 00 80 E1 00 00 00 00 05 45 00 56
87 00 3F 00 00 4F 00 00 01 F5 B0 00
00 00 80 11 00 00 00 00 01 F0 0A 40
0A 00 0A 00 0A 00 00 00 05 65 50 20
66 02 00 02 91 63 00 00 03 36 B8 1A
FE 02 1C 18 FA 19 00 00 05 65 50 20
66 00 05 65 50 20 66 02 00 02 C5 64
00 00 01 F8 00 00 00 00 FE FF 00 00
00 00 05 65 50 20 66 02 00 02 C4 63
00 00 05 45 00 C7 8D 00 3F 00 00 4F
00 00 05 45 00 C7 8D 00 3F 00 00 4F
00 00 01 F8 00 00 00 00 FE FF 00 00
00 00 01 F5 B0 00 00 00 80 D1 00 00
00 00 05 45 00 D7 8D 00 3F 00 00 4F
00 00 05 65 50 20 66 02 00 02 C3 63
00 00 01 F5 B0 00 00 00 80 11 00 00
00 00 01 53 00 50 00 00 00 FF 00 80
00 00 03 16 41 00 86 31 00 00 00 00
00 00 01 F5 B0 00 00 00 80 51 00 00
00 00 01 F8 00 00 00 00 FE FF 00 00
00 00 01 F3 40 00 00 FF C1 7E 00 08
00 00 01 F5 B0 00 00 00 80 91 00 00
00 00 05 45 00 F7 8D 00 3F 00 00 4F
00 00 05 65 50 20 66 02 00 02 BA 63
00 00 01 F8 00 00 00 00 FE FF 00 00
00 00 01 F5 B0 00 00 00 80 E1 00 00
00 00 05 45 00 07 8E 00 3F 00 00 4F
00 00 05 65 50 4E 00 00 05 65 50 20
66 02 00 02 93 63 00 00 01 F8 00 00
00 00 FE FF 00 00 00 00 01 F8 00 00
00 00 FE FF 00 00 00 00 05 45 00 AF
93 00 3F 00 00 4E 00 00 05 45 00 AF
93 00 3F 00 00 4E 00 00 01 F8 00 00
00 00 FE FF 00 00 00 00 01 F5 B0 00
00 00 80 91 00 00 00 00 03 16 41 00
A6 1C 00 00 00 00 00 00 05 45 00 AF
93 00 3F 00 00 4E 00 00 01 F5 B0 00
00 00 80 D1 00 00 00 00 01 F8 00 00
00 00 FE FF 00 00 00 00 01 53 00 50
00 00 00 FF 00 80 00 00 01 F5 B0 00
00 00 80 11 00 00 00 00 05 65 50 20
66 02 00 02 91 63 00 00 01 F8 00 00
00 00 FE FF 00 00 00 00 01 53 00 50
00 00 00 FF 00 80 00 00 03 29 62 66
00 00 00 00 00 00 00 00 05 65 50 20
66 02 00 02 91 63 00 00 01 F5 B0 00
00 00 80 91 00 00 00 00 01 F0 0A 20
0A 00 0A 00 0A 00 00 00 01 F8 00 00
00 00 FE FF 00 00 00 00 05 00 00 80
71 0F 8E 00 00 01 F8 00 00 00 00 FE
FF 00 00 00 00 01 F8 00 00 00 00 FE
FF 00 00 00 00 05 65 50 20 66 02 00
02 91 63 00 00 05 65 50 20 66 02 00
02 91 63 00 00 05 65 50 20 66 02 00
02 91 63 00 00 06 1A 5A 1D 82 7E BF
3C 02 82 00 00 01 53 00 50 00 00 00
FF 00 80 00 00 05 65 50 20 66 02 00
02 8F 63 00 00 01 F5 B0 00 00 00 80
41 00 00 00 00 01 F8 00 00 00 00 FE
FF 00 00 00 00 05 65 50 20 66 02 00
02 D5 65 00 00 03 29 62 66 00 00 00
2E 00 00 00 00 05 45 00 F8 9D 00 3F
00 00 4E 00 00 05 65 50 20 66 02 00
02 D6 65 00 00 01 F5 B0 00 00 00 80
C1 00 00 00 00 01 F5 B0 00 00 00 80
D1 00 00 00 00 03 36 D8 28 FE 02 25
1D 99 27 00 00 01 F5 B0 00 00 00 80
01 00 00 00 00 05 65 50 20 66 02 00
02 D6 64 00 00 06 1A 5A 1D 82 7E BF
3C 02 82 00 00 01 F5 B0 00 00 00 80
41 00 05 65 50 20 66 02 00 02 B7 63
00 00 05 65 50 20 66 02 00 02 B7 62
00 00 01 F5 B0 00 00 00 80 B1 00 00
00 00 01 F8 00 00 00 00 FE FF 00 00
00 00 05 65 50 20 66 02 00 02 B3 62
00 00 05 65 50 20 66 02 00 02 B3 62
00 00 01 F5 B0 00 00 00 80 01 00 00
00 00 03 29 11 67 00 00 00 00 00 00
00 00 05 65 50 20 66 02 00 02 AF 62
00 00 01 F5 B0 00 00 00 80 41 00 00
00 00 01 F8 00 00 00 00 FE FF 00 00
00 00 03 29 62 67 00 00 00 00 00 00
00 00 05 65 50 20 66 02 00 02 AC 62
00 00 05 65 50 20 66 00 01 F8 00 00
00 00 FE FF 00 00 00 00 01 F3 00 80
00 FF 01 7F 00 08 00 00 03 29 80 67
00 00 00 00 00 00 00 00 05 45 00 A4
A0 00 3F 00 00 4C 00 00 01 F8 00 00
00 00 FE FF 00 00 00 00 01 F8 00 00
00 00 FE FF 00 00 00 00 01 F5 B0 00
00 00 80 E1 00 00 00 00 05 45 00 A4
A0 00 3F 00 00 4C 00 00 05 65 50 20
66 02 80 00 00 05 65 50 20 66 02 00
02 93 63 00 00 03 36 1E 14 FE 02 1A
17 06 15 00 00 05 65 50 20 66 02 00
02 93 63 00 00 01 F0 0A 00 0A 00 0A
00 0A 00 00 00 06 1A 5A 1D 82 FE BF
3C 02 82 00 00 01 F5 B0 00 00 00 80
C1 00 00 00 00 03 36 8A 14 FE 02 38
17 39 15 00 00 01 F3 00 80 00 FF 01
7F 00 08 00 00 01 F5 B0 00 00 00 80
01 00 00 00 00 01 F8 00 00 00 00 FE
FF 00 00 00 00 03 36 90 14 FE 02 1A
17 34 15 00 00 01 F3 40 00 00 FF 01
7F 00 08 00 00 05 65 50 20 66 02 00
E1 00 00 00 00 01 F3 00 80 00 FF C1
7F 00 08 00 00 01 F8 00 00 00 00 FE
FF 00 00 00 00 05 45 00 BF A5 00 3F
00 00 4C 00 00 05 65 50 20 66 02 00
02 93 63 00 00 01 F8 00 00 00 00 FE
FF 00 00 00 00 01 F5 B0 00 00 00 80
61 00 00 00 00 03 36 AE 14 FE 02 C3
16 01 15 00 00 05 45 00 BF 00 0A 00
00 00 05 65 50 20 66 02 00 02 8F 63
00 00 01 F5 B0 00 00 00 80 E1 00 00
00 00 05 45 00 0D A8 00 3F 00 00 4B
00 00 01 F0 0A 00 0A 00 0A 00 0A 00
00 00 01 F5 B0 00 00 00 80 21 00 00
00 00 01 F5 B0 00 00 00 80 31 00 00
00 00 05 45 00 4A A8 00 3F 00 00 4B
00 00 01 F3 40 00 00 FF 81 7F 00 08
00 00 01 F5 B0 00 00 00 80 71 0F 8E
00 00 01 F8 00 00 00 00 FE FF 00 00
00 00 03 29 62 68 00 00 00 00 00 00
00 00 01 F3 00 80 00 FF 41 7F 00 08
00 00 05 65 50 20 66 02 00 02 8F 63
00 00 01 F8 00 00 00 00 FE FF 00 00
00 00 01 F5 B0 00 00 00 80 F1 9D 05
00 00 80 C1 00 00 00 00 05 65 50 20
66 02 00 02 8F 63 00 00 05 65 50 20
66 02 00 02 8F 63 00 00 01 F5 B0 00
00 00 80 01 00 00 00 00 01 F5 B0 00
00 00 80 11 00 00 00 00 05 45 00 39
A9 00 3F 00 00 4B 00 00 05 65 50 20
66 02 00 02 8E 63 00 00 01 F8 00 00
00 00 FE FF 00 00 00 00 01 53 00 50
00 00 00 FF 00 80 00 00 03 36 DF 17
FE 00 50 00 00 00 FF 00 80 00 00 01
F5 B0 00 00 00 80 91 00 00 00 00 01
F5 B0 00 00 00 80 A1 00 00 00 00 01
F8 00 00 00 00 FE FF 00 00 00 00 01
F0 0A 60 0A 00 0A 00 0A 00 00 00 05
65 50 20 66 02 00 02 8E 63 00 00 06
1A 5A 1D 82 7E BF 3C 02 82 00 00 01
F5 B0 00 00 00 80 11 00 00 00 00 01
F3 40 00 00 FF 81 7F 00 08 00 00 05
65 50 20 66 02 00 02 8E 63 00 00 05
65 50 20 66 02 00 02 8E 63 00 00 01
F5 B0 00 00 00 80 61 00 00 00 00 01
F0 0A 20 0A 00 0A 00 00 80 61 00 00
00 00 01 F8 00 00 00 00 FE FF 00 00
00 00 03 36 DD 15 FE 02 00 16 DD 15
00 00 05 65 50 20 66 02 00 02 8F 63
00 00 01 F8 00 00 00 00 FE FF 00 00
00 00 01 F8 00 00 00 00 FE FF 00 00
00 00 01 F5 B0 00 00 00 80 E1 00 00
00 00 05 45 00 AA AC 00 3F 00 00 4B
F1 9D 05 00 00 01 F5 B0 00 00 00 80
01 00 00 00 00 01 F8 00 00 00 00 FE
FF 00 00 00 00 01 F3 00 80 00 FF 41
7F 00 08 00 00 05 65 50 20 66 02 00
02 8E 63 00 00 05 65 50 20 66 02 00
02 8E 63 00 00 01 F8 00 00 00 00 FE
FF 00 00 00 00 01 F8 00 00 00 00 FE
FF 00 00 00 00 05 45 00 9E AF 00 3F
00 00 4A 00 00 05 65 50 20 66 02 00
02 8F 63 00 00 01 F5 B0 00 00 00 80
C1 00 00 00 00 01 F8 00 00 00 00 FE
FF 00 00 00 00 03 36 62 15 FE 02 D8
15 58 15 00 00 01 F5 B0 00 00 00 80
01 00 00 00 00 01 F8 00 00 00 00 01
53 00 50 00 00 00 FF 00 80 00 00 01
F8 00 00 00 00 FE FF 00 00 00 00 05
45 00 54 B0 00 3F 00 00 4A 00 00 01
F8 00 00 00 00 FE FF 00 00 00 00 01
F0 0A 20 0A 00 0A 00 0A 00 00 00 01
F5 B0 00 00 00 80 51 00 00 66 02 00
02 8E 63 00 00 01 F8 00 00 00 00 FE
FF 00 00 00 00 01 F5 B0 00 00 00 80
61 00 00 00 00 05 65 50 20 66 02 00
02 8E 63 00 00 05 65 50 20 66 02 00
02 8E 63 00 00 01 F8 00 00 00 00 FE
FF 00 00 00 00 01 F5 B0 00 00 00 80
B1 00 00 00 00 05 45 00 5B B3 00 3F
00 00 4A 00 00 01 F5 B0 00 00 00 80
E1 00 00 00 00 01 F8 00 00 00 00 FE
FF 00 00 00 00 01 F8 00 00 00 00 FE
FF 00 00 00 00 03 16 41 00 40 1B 00
00 00 00 00 00 05 65 50 20 66 02 00
02 8F 63 00 00 01 F8 00 00 00 00 FE
FF 00 00 00 00 01 F5 B0 00 00 00 80
61 00 00 00 00 03 29 11 69 00 00 00
00 00 00 00 00 05 45 00 98 B3 00 3F
00 00 4A 00 00 01 F5 B0 00 00 00 80
A1 00 00 00 00 05 65 50 20 66 02 00
02 8F 63 00 00 01 F8 00 00 00 00 FE
FF 00 00 00 00 05 45 00 D5 B3 00 3F
00 00 4A 00 00 05 65 50 20 66 02 00
02 00 B1 B6 00 3F 00 00 48 00 00 05
65 50 20 66 02 00 02 8F 63 00 00 01
F5 B0 00 00 00 80 01 00 00 00 00 01
F8 00 00 00 00 FE FF 00 00 00 00 05
45 00 B1 B6 00 3F 00 00 48 00 00 05
65 50 20 66 02 00 02 8F 63 00 00 01
F8 00 00 00 00 FE FF 00 00 00 00 01
F8 00 00 00 00 FE FF 00 00 00 00 03
29 62 6A 00 00 00 00 00 00 00 00 05
65 50 20 66 02 00 02 8F 63 00 00 05
65 50 20 66 02 00 02 8F 63 00 00 01
F5 B0 00 00 00 80 C1 00 00 00 00 01
F5 B0 00 00 00 80 D1 00 00 00 00 05
45 00 EC B6 00 3F 00 00 48 00 00 05
65 50 20 66 02 00 02 8F 63 00 00 01
F8 00 00 00 00 FE FF 00 00 00 00 05
65 50 20 66 02 00 02 8F 63 00 00 05
45 00 27 B7 00 3F 00 00 48 00 00 05
65 50 20 66 02 00 02 8F 63 00 00 01
F8 00 00 00 00 FE FF 00 00 00 00 05
65 50 20 66 02 00 02 8F 63 00 00 03
29 11 6A 00 00 00 00 00 00 00 00 03
36 EC 14 FE 02 CA 15 F1 14 00 00 01
F8 00 FE FF 00 00 00 00 01 F8 00 00
00 00 FE FF 00 00 00 00 05 45 00 5A
BA 00 3F 00 00 48 00 00 05 65 50 20
66 02 00 02 8F 63 00 00 05 65 50 20
66 02 00 02 8F 63 00 00 01 F5 B0 00
00 00 80 E1 00 00 00 00 03 16 41 00
59 1B 00 00 00 00 00 00 05 45 00 5A
BA 00 3F 00 00 48 00 00 01 F5 B0 00
00 00 80 21 00 00 00 00 01 F8 00 00
00 00 FE FF 00 00 00 00 01 53 10 50
00 00 00 FF 00 80 00 00 05 45 00 95
BA 00 3F 00 00 48 00 00 05 65 50 20
66 02 00 02 8F 63 00 00 01 F8 00 00
00 00 FE FF 00 00 00 00 01 53 10 50
00 00 00 FF 00 80 00 00 03 36 29 15
FE 02 FB 15 29 15 00 00 05 45 00 95
BA 00 3F 00 00 48 00 00 01 F8 00 00
00 00 FE FF 00 00 00 00 01 F0 0A 40
0A 00 0A 00 0A 00 00 00 01 F5 B0 00
00 00 80 01 00 00 00 00 05 45 00 D0
BA 00 3F 00 00 48 00 00 01 F5 B0 00
00 00 80 31 00 01 F5 C2 00 02 00 80
01 00 00 00 00 01 F5 C2 00 02 00 80
11 00 00 00 00 05 45 00 00 BE 00 3F
00 00 47 00 00 05 65 50 20 66 02 00
02 8E 63 00 00 01 F8 00 00 00 00 FE
FF 00 00 00 00 01 F5 C2 00 02 00 80
61 00 00 00 00 05 45 00 00 BE 00 3F
00 00 47 00 00 05 65 50 20 66 02 00
02 8E 63 00 00 01 F8 00 00 00 00 FE
FF 00 00 00 00 05 65 50 20 66 02 00
02 8E 63 00 00 03 29 C0 6B 00 00 00
00 00 00 00 00 05 45 00 39 BE 00 3F
00 00 47 00 00 01 F8 00 00 00 00 FE
FF 00 00 00 00 01 F5 D0 00 38 00 80
11 00 00 00 00 01 F5 D0 00 38 00 80
21 00 00 00 00 03 36 58 15 FE 02 DB
15 53 15 00 00 01 F8 00 00 00 00 FE
FF 00 00 00 00 01 53 10 50 00 00 00
FF 00 80 00 00 01 F8 00 00 00 00 FE
FF 00 00 00 00 05 45 00 39 BE 00 3F
00 00 80 00 FF 81 7F 00 08 00 00 05
45 00 12 C1 00 3F 00 00 47 00 00 05
65 50 20 66 02 00 02 8F 63 00 00 05
65 50 20 66 02 00 02 8F 63 00 00 01
F8 00 00 00 00 FE FF 00 00 00 00 03
29 11 6B 00 00 00 00 00 00 00 00 05
65 50 20 66 02 00 02 8F 63 00 00 01
F8 00 00 00 00 FE FF 00 00 00 00 01
F5 F0 00 2A 00 80 21 00 00 00 00 01
F5 F0 00 2A 00 80 31 00 00 00 00 05
65 50 20 66 02 00 02 8F 63 00 00 01
F5 F0 00 2A 00 80 61 00 00 00 00 01
F8 00 00 00 00 FE FF 00 00 00 00 01
F8 00 00 00 00 FE FF 00 00 00 00 01
F5 F0 00 00 00 80 A1 00 00 00 00 05
65 50 20 66 02 00 02 8F 63 00 00 01
F8 00 00 00 00 FE FF 00 00 00 00 01
53 00 50 00 00 00 FF 00 80 00 00 05
45 00 49 C1 00 3F 00 00 47 00 00 05
65 50 20 66 02 00 02 8F 63 00 00 01
F5 F2 00 04 00 80 21 00 00 00 00 01
F0 0A 00 0A 00 0A 00 0A 00 00 00 03
16 41 00 26 1B 00 00 00 00 C6 00 3F
00 00 45 00 00 05 45 00 FD C6 00 3F
00 00 45 00 00 01 F5 12 01 00 00 80
61 00 00 00 00 01 F8 00 00 00 00 FE
FF 00 00 00 00 05 45 00 82 C7 00 3F
00 00 45 00 00 05 65 50 20 66 02 00
02 AF 66 00 00 01 F8 00 00 00 00 FE
FF 00 00 00 00 01 F8 00 00 00 00 FE
FF 00 00 00 00 03 16 41 00 D9 2A 00
00 00 00 00 00 05 65 50 20 66 02 00
02 B1 65 00 00 05 65 50 20 66 02 00
02 B3 65 00 00 01 F5 12 01 00 00 80
21 00 00 00 00 01 53 00 50 00 00 00
FF 00 80 00 00 05 45 00 6E C8 00 3F
00 00 45 00 00 01 F5 12 01 00 00 80
61 00 00 00 00 01 F8 00 00 00 00 FE
FF 00 00 00 00 01 F0 0A 00 0A 00 0A
00 0A 00 00 00 65 00 00 01 F8 00 00
00 00 FE FF 00 00 00 00 06 1A 5A 1D
82 FE BF 3C 02 82 00 00 05 45 00 87
C9 00 3F 00 00 45 00 00 05 65 50 20
66 02 00 02 AE 64 00 00 01 F8 00 00
00 00 FE FF 00 00 00 00 01 F5 12 01
00 00 80 F1 9D 05 00 00 05 45 00 87
C9 00 05 65 50 20 66 02 00 02 86 65
00 00 05 65 50 20 66 02 00 02 86 65
00 00 01 F5 12 01 00 00 80 21 00 00
00 00 01 F8 03 00 00 00 FE FF 00 00
00 00 05 45 00 EC CC 00 3F 00 00 45
00 00 01 F5 12 01 00 00 80 61 00 00
00 00 01 F8 03 00 00 00 FE FF 00 00
00 00 01 F8 03 00 00 00 FE FF 00 00
00 00 05 45 00 EC CC 00 3F 00 00 45
00 00 05 45 00 EC CC 00 3F 00 00 45
00 00 01 F8 03 00 00 00 FE FF 00 00
00 00 01 F5 12 01 00 00 80 E1 00 00
00 00 03 29 62 6C 00 00 00 18 00 00
00 00 05 45 00 81 CD 00 3F 00 00 45
00 00 05 65 50 20 66 02 00 02 02 05
1A 0B 2F 00 00 05 65 50 20 66 02 00
02 A8 67 00 00 01 F8 02 00 00 00 FE
FF 00 00 00 00 01 F8 03 00 00 00 FE
FF 00 00 00 00 01 F8 03 00 00 00 05
45 00 75 D3 00 3F 00 00 44 00 00 05
65 50 20 66 02 00 02 8C 64 00 00 05
65 50 20 66 02 00 02 8C 64 00 00 01
F8 02 00 00 00 FE FF 00 00 00 00 03
16 41 00 20 19 00 00 00 00 00 00 05
45 00 C1 D3 00 3F 00 00 44 00 00 06
15 C0 00 00 0E 00 00 00 00 00 00 01
F5 C4 01 00 00 80 E1 81 01 00 00 01
F5 C4 01 00 00 80 F1 9D 05 00 00 05
45 00 C1 D3 00 3F 00 00 44 00 00 01
F5 C4 01 00 00 80 21 70 01 00 00 01
F8 07 00 00 00 FE FF 00 00 00 00 01
F0 29 00 28 00 31 00 32 00 00 00 05
45 00 19 D4 00 3F 00 00 44 00 00 05
65 50 20 66 02 00 02 87 64 00 00 01
F8 11 00 00 00 FE FF 00 00 00 00 01
F3 80 00 00 0A C2 80 00 00 00 00 03
29 C0 6D F8 04 00 00 00 FE FF 00 00
00 00 01 F5 C4 01 00 00 80 B1 00 00
00 00 03 36 A7 2B FE 02 EA 16 9C 2B
00 00 05 65 50 01 F8 02 00 00 00 FE
FF 00 00 00 00 05 45 00 36 DB 00 3F
00 00 44 00 00 05 45 00 36 DB 00 3F
00 00 44 00 00 01 F8 02 00 00 00 FE
FF 00 00 00 00 01 F5 A1 00 08 00 80
C1 03 00 00 00 03 36 D6 26 FE 02 06
19 38 2E 00 00 05 45 00 76 DB 00 3F
00 00 44 00 00 01 F5 B0 00 3B 01 80
01 03 00 00 00 01 53 00 30 01 00 00
FF 00 80 00 00 03 16 41 00 AC 27 00
00 00 00 00 00 03 36 FE 25 FE 02 D0
18 63 2A 00 00 01 F8 02 00 00 00 FE
FF 00 00 00 00 01 F0 29 20 2A 00 28
00 29 00 00 00 01 F8 02 00 00 00 FE
FF 00 00 00 00 05 45 00 B5 DB 00 3F
00 00 44 00 00 05 65 50 20 66 02 00
02 A8 64 00 00 01 F3 40 00 00 14 C2
7F 00 00 00 00 01 F5 B0 00 00 00 80
D1 00 00 00 00 05 45 00 F0 DB 00 3F
00 00 44 00 00 01 F8 02 00 00 00 FE
FF 00 00 00 00 01 F8 02 00 00 00 FE
FF 00 00 00 00 01 F5 C0 00 00 00 80
21 00 00 00 00 03 36 20 23 FE 02 3F
18 57 28 00 00 05 65 50 20 66 02 00
02 A3 63 00 00 01 F8 02 00 00 00 FE
FF 00 00 00 00 05 65 50 20 66 02 00
02 A3 63 00 00 01 F5 D0 00 F8 01 80
91 3C 00 00 00 05 45 00 27 DC 00 3F
00 00 44 00 00 01 F8 02 00 00 00 FE
FF 00 00 00 00 01 F5 D0 00 00 00 80
D1 3C 01 00 EF C1 80 00 00 00 00 03
36 BB 17 FE 02 30 15 62 1B 00 00 05
45 00 ED DF 00 3F 00 00 43 00 00 05
65 50 20 66 02 00 02 95 64 00 00 01
F8 02 00 00 00 FE FF 00 00 00 00 03
16 41 00 C0 1D 00 00 00 00 00 00 05
45 00 ED DF 00 3F 00 00 43 00 00 05
65 50 20 66 02 00 02 95 64 00 00 01
F8 01 00 00 00 FE FF 00 00 00 00 01
F8 01 00 00 00 FE FF 00 00 00 00 05
45 00 48 E0 00 3F 00 00 43 00 00 05
45 00 48 E0 00 3F 00 00 43 00 00 01
F8 00 00 00 00 FE FF 00 00 00 00 01
F5 01 80 01 00 00 00 00 05 65 50 20
66 02 00 02 95 64 00 00 01 F8 01 00
00 00 FE FF 00 00 00 00 01 F8 01 00
00 00 FE FF 00 00 00 00 03 36 71 14
FE 02 84 15 12 18 00 00 05 65 50 20
66 02 00 02 95 64 00 00 01 F8 01 00
00 00 FE FF 00 00 00 00 01 F8 01 00
00 00 FE FF 00 00 00 00 03 36 38 14
FE 02 84 15 EE 17 00 00 05 65 50 20
66 02 00 02 95 64 00 00 01 F8 01 00
00 00 FE FF 00 00 00 00 01 F8 01 00
00 00 FE FF 00 00 00 00 03 16 41 00
8C 1D 00 00 00 00 00 00 05 65 00 80
B1 00 00 00 00 01 F8 01 00 00 00 FE
FF 00 00 00 00 03 36 6D 16 FE 02 7D
15 FE 17 00 00 05 65 50 20 66 02 00
02 91 64 00 00 05 65 50 20 66 02 00
02 91 64 00 00 01 F8 01 00 00 00 FE
FF 00 00 00 00 01 F5 F2 00 04 00 80
31 00 00 00 00 01 F8 01 00 00 00 FE
FF 00 00 00 00 05 65 50 20 66 02 00
02 91 64 00 00 01 F5 F2 00 04 00 80
71 14 92 00 00 01 F8 01 00 00 00 FE
FF 00 00 00 50 20 66 02 00 02 8F 64
00 00 05 65 50 20 66 02 00 02 8F 64
00 00 01 F8 00 00 00 00 FE FF 00 00
00 00 03 16 41 00 66 1B 00 00 00 00
00 00 06 1A 5A 1D 82 7E BF 3C 02 82
00 00 05 65 50 20 66 02 00 02 8F 64
00 00 01 F8 00 00 00 00 FE FF 00 00
00 00 01 F5 10 01 00 00 80 61 00 00
00 00 05 45 00 DA E7 00 3F 00 00 43
00 00 06 1F FF 3F 0B 00 40 00 00 00
00 00 01 F5 10 01 00 00 80 A1 00 00
00 00 06 00 00 01 53 10 50 00 00 00
FF 00 80 00 00 05 65 50 20 66 02 00
02 8F 64 00 00 01 F8 00 00 00 00 FE
FF 00 00 00 00 01 F8 00 00 00 00 FE
FF 00 00 00 00 01 F0 0A 60 0A 00 0A
00 0A 00 00 00 05 65 50 20 66 02 00
02 8F 64 00 00 01 F8 00 00 00 00 FE
FF 00 00 00 00 01 F8 00 00 00 00 FE
FF 00 00 00 00 01 F0 0A 40 00 00 80
71 16 94 00 00 01 F8 00 00 00 00 FE
FF 00 00 00 00 01 F0 0A 00 0A 00 0A
00 0A 00 00 00 05 65 50 20 66 02 00
02 8E 63 00 00 01 F8 00 00 00 00 FE
FF 00 00 00 00 01 F8 00 00 00 00 FE
FF 00 00 00 00 01 F3 40 00 00 FF 01
80 00 08 00 00 05 65 50 20 66 02 00
02 8E 63 00 00 05 65 50 20 66 02 00
02 8E 63 00 00 06 13 1E 57 1D BA 00
CD A3 00 00 00 01 F3 00 80 00 FF C1
7F 00 08 00 00 05 65 50 20 66 02 00
02 8E 63 00 00 01 F5 02 01 00 00 80
71 15 93 00 00 01 F8 00 00 00 00 FE
FF 00 00 00 00 01 F8 00 00 00 00 FE
FF 00 00 00 00 05 65 50 20 66 02 00
02 8E 63 00 00 05 65 50 20 66 02 00
02 8E 63 00 00 01 F8 00 00 00 00 FE
FF 00 00 00 00 01 F8 00 00 00 00 FE
FF 00 00 00 00 05 45 00 CF ED 00 3F
00 00 41 00 00 05 65 50 20 66 02 00
02 8E 63 00 00 01 F5 02 01 00 00 80
31 00 00 00 00 01 F8 00 00 00 00 FE
FF 00 00 00 00 03 36 9B 15 FE 02 6B
15 4E 16 00 00 05 65 50 20 66 02 00
02 8E 63 00 00 05 65 50 20 66 02 00
02 8E 63 00 00 01 F8 00 00 00 00 FE
FF 00 00 00 00 01 F8 00 00 00 0A 00
00 00 05 65 50 20 66 02 00 02 8E 63
00 00 05 65 50 20 66 02 00 02 8E 63
00 00 01 F8 00 00 00 00 FE FF 00 00
00 00 01 F3 00 80 00 FF C1 7F 00 08
00 00 01 F5 02 01 00 00 80 D1 00 00
00 00 05 65 50 20 66 02 00 02 8E 63
00 00 01 F8 00 00 00 00 FE FF 00 00
00 00 01 F3 00 80 00 FF C1 7F 00 08
00 00 05 45 00 38 F1 00 3F 00 00 40
00 00 05 65 50 20 66 02 00 02 8C 63
00 00 01 F8 00 00 00 00 FE FF 00 00
00 00 01 F8 00 00 00 00 FE FF 00 00
00 00 03 29 62 70 00 00 00 00 00 00
00 00 06 18 00 00 62 00 00 00 00 00
00 00 01 F5 02 01 00 00 80 A1 00 00
00 00 01 F8 00 00 00 00 FE FF 00 00
00 00 01 F8 00 00 00 00 FE FF 00 00
00 00 01 F5 02 01 00 00 80 E1 00 00
00 00 05 65 50 20 66 02 00 02 8C 63
00 00 01 F8 00 00 00 00 FE FF 00 00
00 02 01 00 00 80 D1 00 00 00 00 03
